Title: * spice3 file created from seg_a.ext - technology: tsmc
Date: Wed Apr 26 16:35:16  2017
Plotname: Transient Analysis
Flags: real
No. Variables: 6
No. Points: 561
Variables:
	0	time	time
	1	a	voltage
	2	b	voltage
	3	c	voltage
	4	d	voltage
	5	y	voltage
Values:
 0	0.000000000000000e+00
	0.000000000000000e+00
	0.000000000000000e+00
	0.000000000000000e+00
	0.000000000000000e+00
	1.358473927708442e-07

 1	1.000000000000000e-11
	0.000000000000000e+00
	0.000000000000000e+00
	0.000000000000000e+00
	0.000000000000000e+00
	1.358475541779480e-07

 2	2.000000000000000e-11
	0.000000000000000e+00
	0.000000000000000e+00
	0.000000000000000e+00
	0.000000000000000e+00
	1.358475918838975e-07

 3	4.000000000000000e-11
	0.000000000000000e+00
	0.000000000000000e+00
	0.000000000000000e+00
	0.000000000000000e+00
	1.358476024171384e-07

 4	8.000000000000001e-11
	0.000000000000000e+00
	0.000000000000000e+00
	0.000000000000000e+00
	0.000000000000000e+00
	1.358472770732200e-07

 5	1.600000000000000e-10
	0.000000000000000e+00
	0.000000000000000e+00
	0.000000000000000e+00
	0.000000000000000e+00
	1.358471336046496e-07

 6	3.200000000000000e-10
	0.000000000000000e+00
	0.000000000000000e+00
	0.000000000000000e+00
	0.000000000000000e+00
	1.358477082578219e-07

 7	6.400000000000001e-10
	0.000000000000000e+00
	0.000000000000000e+00
	0.000000000000000e+00
	0.000000000000000e+00
	1.358471619743173e-07

 8	1.280000000000000e-09
	0.000000000000000e+00
	0.000000000000000e+00
	0.000000000000000e+00
	0.000000000000000e+00
	1.358475497812914e-07

 9	2.000000000000000e-09
	0.000000000000000e+00
	0.000000000000000e+00
	0.000000000000000e+00
	0.000000000000000e+00
	1.358473018836688e-07

 10	2.100000000000000e-09
	3.300000000000002e-01
	3.300000000000002e-01
	3.300000000000002e-01
	3.300000000000002e-01
	8.671416412078681e-04

 11	2.300000000000000e-09
	9.900000000000007e-01
	9.900000000000007e-01
	9.900000000000007e-01
	9.900000000000007e-01
	-1.286463125251571e-02

 12	2.465372321299380e-09
	1.535728660287953e+00
	1.535728660287953e+00
	1.535728660287953e+00
	1.535728660287953e+00
	2.409049921293174e-01

 13	2.621078264098465e-09
	2.049558271524933e+00
	2.049558271524933e+00
	2.049558271524933e+00
	2.049558271524933e+00
	2.322268031915697e-01

 14	2.761548874913625e-09
	2.513111287214963e+00
	2.513111287214963e+00
	2.513111287214963e+00
	2.513111287214963e+00
	-4.176670245323214e-02

 15	2.922249594762409e-09
	3.043423662715949e+00
	3.043423662715949e+00
	3.043423662715949e+00
	3.043423662715949e+00
	1.708656406223760e-02

 16	3.000000000000000e-09
	3.300000000000000e+00
	3.300000000000000e+00
	3.300000000000000e+00
	3.300000000000000e+00
	3.462958950504046e-03

 17	3.019462548883555e-09
	3.300000000000000e+00
	3.300000000000000e+00
	3.300000000000000e+00
	3.300000000000000e+00
	-2.758515191847728e-03

 18	3.058387646650665e-09
	3.300000000000000e+00
	3.300000000000000e+00
	3.300000000000000e+00
	3.300000000000000e+00
	-5.039463222872055e-03

 19	3.136237842184885e-09
	3.300000000000000e+00
	3.300000000000000e+00
	3.300000000000000e+00
	3.300000000000000e+00
	1.621824998855066e-03

 20	3.291938233253324e-09
	3.300000000000000e+00
	3.300000000000000e+00
	3.300000000000000e+00
	3.300000000000000e+00
	-1.193448599016426e-03

 21	3.569890074923129e-09
	3.300000000000000e+00
	3.300000000000000e+00
	3.300000000000000e+00
	3.300000000000000e+00
	9.882727391095324e-04

 22	4.125793758262737e-09
	3.300000000000000e+00
	3.300000000000000e+00
	3.300000000000000e+00
	3.300000000000000e+00
	-8.949840651270571e-04

 23	5.125793758262737e-09
	3.300000000000000e+00
	3.300000000000000e+00
	3.300000000000000e+00
	3.300000000000000e+00
	8.471258412589911e-04

 24	6.125793758262737e-09
	3.300000000000000e+00
	3.300000000000000e+00
	3.300000000000000e+00
	3.300000000000000e+00
	-8.001314107936490e-04

 25	7.125793758262737e-09
	3.300000000000000e+00
	3.300000000000000e+00
	3.300000000000000e+00
	3.300000000000000e+00
	7.562767120352404e-04

 26	8.125793758262738e-09
	3.300000000000000e+00
	3.300000000000000e+00
	3.300000000000000e+00
	3.300000000000000e+00
	-7.132437137475187e-04

 27	9.125793758262738e-09
	3.300000000000000e+00
	3.300000000000000e+00
	3.300000000000000e+00
	3.300000000000000e+00
	6.731409705999073e-04

 28	1.012579375826274e-08
	3.300000000000000e+00
	3.300000000000000e+00
	3.300000000000000e+00
	3.300000000000000e+00
	-6.337997749963813e-04

 29	1.112579375826274e-08
	3.300000000000000e+00
	3.300000000000000e+00
	3.300000000000000e+00
	3.300000000000000e+00
	5.971875062737685e-04

 30	1.212579375826274e-08
	3.300000000000000e+00
	3.300000000000000e+00
	3.300000000000000e+00
	3.300000000000000e+00
	-5.612664572675892e-04

 31	1.312579375826274e-08
	3.300000000000000e+00
	3.300000000000000e+00
	3.300000000000000e+00
	3.300000000000000e+00
	5.278844852482506e-04

 32	1.412579375826274e-08
	3.300000000000000e+00
	3.300000000000000e+00
	3.300000000000000e+00
	3.300000000000000e+00
	-4.951185189650386e-04

 33	1.512579375826274e-08
	3.300000000000000e+00
	3.300000000000000e+00
	3.300000000000000e+00
	3.300000000000000e+00
	4.646954320815006e-04

 34	1.612579375826274e-08
	3.300000000000000e+00
	3.300000000000000e+00
	3.300000000000000e+00
	3.300000000000000e+00
	-4.349284075570760e-04

 35	1.712579375826274e-08
	3.300000000000000e+00
	3.300000000000000e+00
	3.300000000000000e+00
	3.300000000000000e+00
	4.072627171874533e-04

 36	1.812579375826274e-08
	3.300000000000000e+00
	3.300000000000000e+00
	3.300000000000000e+00
	3.300000000000000e+00
	-3.797896494414114e-04

 37	1.912579375826274e-08
	3.300000000000000e+00
	3.300000000000000e+00
	3.300000000000000e+00
	3.300000000000000e+00
	3.549931395688544e-04

 38	2.012579375826274e-08
	3.300000000000000e+00
	3.300000000000000e+00
	3.300000000000000e+00
	3.300000000000000e+00
	-3.296368638059919e-04

 39	2.100000000000000e-08
	3.300000000000000e+00
	3.300000000000000e+00
	3.300000000000000e+00
	3.300000000000000e+00
	3.042055342321061e-04

 40	2.110000000000000e-08
	3.300000000000000e+00
	3.300000000000000e+00
	3.300000000000000e+00
	2.969999999999997e+00
	-2.422360719955864e-04

 41	2.130000000000000e-08
	3.300000000000000e+00
	3.300000000000000e+00
	3.300000000000000e+00
	2.310000000000002e+00
	-1.880561231080088e-04

 42	2.157981276467352e-08
	3.300000000000000e+00
	3.300000000000000e+00
	3.300000000000000e+00
	1.386617876577393e+00
	4.136757878234736e-04

 43	2.189346378289264e-08
	3.300000000000000e+00
	3.300000000000000e+00
	3.300000000000000e+00
	3.515695164542989e-01
	-2.143542465062407e-04

 44	2.200000000000000e-08
	3.300000000000000e+00
	3.300000000000000e+00
	3.300000000000000e+00
	0.000000000000000e+00
	-4.762485927324971e-04

 45	2.203742342596404e-08
	3.300000000000000e+00
	3.300000000000000e+00
	3.300000000000000e+00
	0.000000000000000e+00
	3.265184777549550e-04

 46	2.211227027789213e-08
	3.300000000000000e+00
	3.300000000000000e+00
	3.300000000000000e+00
	0.000000000000000e+00
	3.736309790287919e-04

 47	2.226196398174831e-08
	3.300000000000000e+00
	3.300000000000000e+00
	3.300000000000000e+00
	0.000000000000000e+00
	-2.092353717499731e-04

 48	2.256135138946066e-08
	3.300000000000000e+00
	3.300000000000000e+00
	3.300000000000000e+00
	0.000000000000000e+00
	1.710546623790998e-04

 49	2.304784465136355e-08
	3.300000000000000e+00
	3.300000000000000e+00
	3.300000000000000e+00
	0.000000000000000e+00
	-1.507849842875900e-04

 50	2.402083117516932e-08
	3.300000000000000e+00
	3.300000000000000e+00
	3.300000000000000e+00
	0.000000000000000e+00
	1.420373557636267e-04

 51	2.502083117516932e-08
	3.300000000000000e+00
	3.300000000000000e+00
	3.300000000000000e+00
	0.000000000000000e+00
	-1.334996548174937e-04

 52	2.602083117516932e-08
	3.300000000000000e+00
	3.300000000000000e+00
	3.300000000000000e+00
	0.000000000000000e+00
	1.260255821429906e-04

 53	2.702083117516932e-08
	3.300000000000000e+00
	3.300000000000000e+00
	3.300000000000000e+00
	0.000000000000000e+00
	-1.184483475832562e-04

 54	2.802083117516931e-08
	3.300000000000000e+00
	3.300000000000000e+00
	3.300000000000000e+00
	0.000000000000000e+00
	1.118709633820725e-04

 55	2.902083117516931e-08
	3.300000000000000e+00
	3.300000000000000e+00
	3.300000000000000e+00
	0.000000000000000e+00
	-1.051369421697858e-04

 56	3.002083117516932e-08
	3.300000000000000e+00
	3.300000000000000e+00
	3.300000000000000e+00
	0.000000000000000e+00
	9.934748502107025e-05

 57	3.102083117516932e-08
	3.300000000000000e+00
	3.300000000000000e+00
	3.300000000000000e+00
	0.000000000000000e+00
	-9.335485390833632e-05

 58	3.202083117516932e-08
	3.300000000000000e+00
	3.300000000000000e+00
	3.300000000000000e+00
	0.000000000000000e+00
	8.825858665132205e-05

 59	3.302083117516932e-08
	3.300000000000000e+00
	3.300000000000000e+00
	3.300000000000000e+00
	0.000000000000000e+00
	-8.291846247562937e-05

 60	3.402083117516932e-08
	3.300000000000000e+00
	3.300000000000000e+00
	3.300000000000000e+00
	0.000000000000000e+00
	7.843253949251861e-05

 61	3.502083117516933e-08
	3.300000000000000e+00
	3.300000000000000e+00
	3.300000000000000e+00
	0.000000000000000e+00
	-7.366710556158803e-05

 62	3.602083117516933e-08
	3.300000000000000e+00
	3.300000000000000e+00
	3.300000000000000e+00
	0.000000000000000e+00
	6.971892316952203e-05

 63	3.702083117516933e-08
	3.300000000000000e+00
	3.300000000000000e+00
	3.300000000000000e+00
	0.000000000000000e+00
	-6.545994385283825e-05

 64	3.802083117516933e-08
	3.300000000000000e+00
	3.300000000000000e+00
	3.300000000000000e+00
	0.000000000000000e+00
	6.198580319497502e-05

 65	3.900000000000001e-08
	3.300000000000000e+00
	3.300000000000000e+00
	3.300000000000000e+00
	0.000000000000000e+00
	-5.810019787719873e-05

 66	3.910000000000001e-08
	3.300000000000000e+00
	3.300000000000000e+00
	2.969999999999997e+00
	0.000000000000000e+00
	-8.083236212763113e-05

 67	3.930000000000001e-08
	3.300000000000000e+00
	3.300000000000000e+00
	2.309999999999992e+00
	0.000000000000000e+00
	2.204674206545201e-05

 68	3.958610071349997e-08
	3.300000000000000e+00
	3.300000000000000e+00
	1.365867645450116e+00
	0.000000000000000e+00
	-1.737731038822087e-04

 69	3.997665365145629e-08
	3.300000000000000e+00
	3.300000000000000e+00
	7.704295019426466e-02
	0.000000000000000e+00
	-4.315939399895168e-03

 70	4.000000000000001e-08
	3.300000000000000e+00
	3.300000000000000e+00
	0.000000000000000e+00
	0.000000000000000e+00
	-4.058573119428602e-03

 71	4.002439132923197e-08
	3.300000000000000e+00
	3.300000000000000e+00
	0.000000000000000e+00
	0.000000000000000e+00
	-1.960593847857246e-03

 72	4.007317398769589e-08
	3.300000000000000e+00
	3.300000000000000e+00
	0.000000000000000e+00
	0.000000000000000e+00
	1.832305387467897e-03

 73	4.017073930462375e-08
	3.300000000000000e+00
	3.300000000000000e+00
	0.000000000000000e+00
	0.000000000000000e+00
	4.798513550217022e-03

 74	4.036586993847945e-08
	3.300000000000000e+00
	3.300000000000000e+00
	0.000000000000000e+00
	0.000000000000000e+00
	1.256268183402329e-03

 75	4.057537646994398e-08
	3.300000000000000e+00
	3.300000000000000e+00
	0.000000000000000e+00
	0.000000000000000e+00
	-1.724132222389631e-04

 76	4.085382244710967e-08
	3.300000000000000e+00
	3.300000000000000e+00
	0.000000000000000e+00
	0.000000000000000e+00
	2.627480547013703e-04

 77	4.125977895720900e-08
	3.300000000000000e+00
	3.300000000000000e+00
	0.000000000000000e+00
	0.000000000000000e+00
	-1.857629675126159e-04

 78	4.200000000000000e-08
	3.300000000000000e+00
	3.300000000000000e+00
	0.000000000000000e+00
	0.000000000000000e+00
	1.804798313583475e-04

 79	4.208119130201986e-08
	3.300000000000000e+00
	3.300000000000000e+00
	0.000000000000000e+00
	2.679312966655540e-01
	5.059235095633986e-04

 80	4.224357390605959e-08
	3.300000000000000e+00
	3.300000000000000e+00
	0.000000000000000e+00
	8.037938899966619e-01
	-6.089822536158997e-03

 81	4.239336303897146e-08
	3.300000000000000e+00
	3.300000000000000e+00
	0.000000000000000e+00
	1.298098028605836e+00
	-5.841303304414958e-04

 82	4.258085662048074e-08
	3.300000000000000e+00
	3.300000000000000e+00
	0.000000000000000e+00
	1.916826847586447e+00
	2.452026688545684e+00

 83	4.271516549252564e-08
	3.300000000000000e+00
	3.300000000000000e+00
	0.000000000000000e+00
	2.360046125334625e+00
	3.485165085963605e+00

 84	4.286230449403976e-08
	3.300000000000000e+00
	3.300000000000000e+00
	0.000000000000000e+00
	2.845604830331222e+00
	3.197021857562424e+00

 85	4.300000000000000e-08
	3.300000000000000e+00
	3.300000000000000e+00
	0.000000000000000e+00
	3.300000000000000e+00
	3.352924305237185e+00

 86	4.301670547348878e-08
	3.300000000000000e+00
	3.300000000000000e+00
	0.000000000000000e+00
	3.300000000000000e+00
	3.327988107853332e+00

 87	4.305011642046634e-08
	3.300000000000000e+00
	3.300000000000000e+00
	0.000000000000000e+00
	3.300000000000000e+00
	3.302002808612625e+00

 88	4.311693831442147e-08
	3.300000000000000e+00
	3.300000000000000e+00
	0.000000000000000e+00
	3.300000000000000e+00
	3.299725436814975e+00

 89	4.325058210233172e-08
	3.300000000000000e+00
	3.300000000000000e+00
	0.000000000000000e+00
	3.300000000000000e+00
	3.300071194020585e+00

 90	4.351786967815223e-08
	3.300000000000000e+00
	3.300000000000000e+00
	0.000000000000000e+00
	3.300000000000000e+00
	3.299959465345202e+00

 91	4.405244482979324e-08
	3.300000000000000e+00
	3.300000000000000e+00
	0.000000000000000e+00
	3.300000000000000e+00
	3.300024490206651e+00

 92	4.505244482979324e-08
	3.300000000000000e+00
	3.300000000000000e+00
	0.000000000000000e+00
	3.300000000000000e+00
	3.299982724070142e+00

 93	4.605244482979324e-08
	3.300000000000000e+00
	3.300000000000000e+00
	0.000000000000000e+00
	3.300000000000000e+00
	3.300010164342473e+00

 94	4.705244482979325e-08
	3.300000000000000e+00
	3.300000000000000e+00
	0.000000000000000e+00
	3.300000000000000e+00
	3.299995767688805e+00

 95	4.805244482979325e-08
	3.300000000000000e+00
	3.300000000000000e+00
	0.000000000000000e+00
	3.300000000000000e+00
	3.299998289957800e+00

 96	4.905244482979325e-08
	3.300000000000000e+00
	3.300000000000000e+00
	0.000000000000000e+00
	3.300000000000000e+00
	3.300006538212172e+00

 97	5.005244482979325e-08
	3.300000000000000e+00
	3.300000000000000e+00
	0.000000000000000e+00
	3.300000000000000e+00
	3.299988548214931e+00

 98	5.105244482979325e-08
	3.300000000000000e+00
	3.300000000000000e+00
	0.000000000000000e+00
	3.300000000000000e+00
	3.300015321792233e+00

 99	5.205244482979326e-08
	3.300000000000000e+00
	3.300000000000000e+00
	0.000000000000000e+00
	3.300000000000000e+00
	3.299980639677432e+00

 100	5.305244482979326e-08
	3.300000000000000e+00
	3.300000000000000e+00
	0.000000000000000e+00
	3.300000000000000e+00
	3.300022415553492e+00

 101	5.405244482979326e-08
	3.300000000000000e+00
	3.300000000000000e+00
	0.000000000000000e+00
	3.300000000000000e+00
	3.299974289579699e+00

 102	5.505244482979326e-08
	3.300000000000000e+00
	3.300000000000000e+00
	0.000000000000000e+00
	3.300000000000000e+00
	3.300028076921373e+00

 103	5.605244482979327e-08
	3.300000000000000e+00
	3.300000000000000e+00
	0.000000000000000e+00
	3.300000000000000e+00
	3.299969256259977e+00

 104	5.705244482979327e-08
	3.300000000000000e+00
	3.300000000000000e+00
	0.000000000000000e+00
	3.300000000000000e+00
	3.300032530654928e+00

 105	5.805244482979327e-08
	3.300000000000000e+00
	3.300000000000000e+00
	0.000000000000000e+00
	3.300000000000000e+00
	3.299965330477276e+00

 106	5.905244482979327e-08
	3.300000000000000e+00
	3.300000000000000e+00
	0.000000000000000e+00
	3.300000000000000e+00
	3.300035970558183e+00

 107	6.005244482979327e-08
	3.300000000000000e+00
	3.300000000000000e+00
	0.000000000000000e+00
	3.300000000000000e+00
	3.299962332590248e+00

 108	6.100000000000000e-08
	3.300000000000000e+00
	3.300000000000000e+00
	0.000000000000000e+00
	3.299999999999989e+00
	3.300038624038827e+00

 109	6.110000000000000e-08
	3.300000000000000e+00
	3.300000000000000e+00
	0.000000000000000e+00
	2.970000000000008e+00
	3.299803761354747e+00

 110	6.130000000000000e-08
	3.300000000000000e+00
	3.300000000000000e+00
	0.000000000000000e+00
	2.310000000000002e+00
	3.302604499062857e+00

 111	6.157986953123966e-08
	3.300000000000000e+00
	3.300000000000000e+00
	0.000000000000000e+00
	1.386430546909114e+00
	3.306516539134787e+00

 112	6.187835463102965e-08
	3.300000000000000e+00
	3.300000000000000e+00
	0.000000000000000e+00
	4.014297176021682e-01
	4.721342182329634e-01

 113	6.200000000000000e-08
	3.300000000000000e+00
	3.300000000000000e+00
	0.000000000000000e+00
	2.531308496145357e-14
	3.411316472302212e-03

 114	6.202814515899494e-08
	3.300000000000000e+00
	3.300000000000000e+00
	0.000000000000000e+00
	0.000000000000000e+00
	2.421041550207079e-02

 115	6.208443547698481e-08
	3.300000000000000e+00
	3.300000000000000e+00
	0.000000000000000e+00
	0.000000000000000e+00
	1.629725702948156e-02

 116	6.219701611296457e-08
	3.300000000000000e+00
	3.300000000000000e+00
	0.000000000000000e+00
	0.000000000000000e+00
	-3.843841649006294e-03

 117	6.242217738492407e-08
	3.300000000000000e+00
	3.300000000000000e+00
	0.000000000000000e+00
	0.000000000000000e+00
	2.845474986020296e-03

 118	6.266284372087788e-08
	3.300000000000000e+00
	3.300000000000000e+00
	0.000000000000000e+00
	0.000000000000000e+00
	-2.227545264115885e-03

 119	6.314417639278550e-08
	3.300000000000000e+00
	3.300000000000000e+00
	0.000000000000000e+00
	0.000000000000000e+00
	2.016564573957159e-03

 120	6.401776464331789e-08
	3.300000000000000e+00
	3.300000000000000e+00
	0.000000000000000e+00
	0.000000000000000e+00
	-1.916476176509919e-03

 121	6.501776464331788e-08
	3.300000000000000e+00
	3.300000000000000e+00
	0.000000000000000e+00
	0.000000000000000e+00
	1.837952607836688e-03

 122	6.601776464331788e-08
	3.300000000000000e+00
	3.300000000000000e+00
	0.000000000000000e+00
	0.000000000000000e+00
	-1.765034301950668e-03

 123	6.701776464331787e-08
	3.300000000000000e+00
	3.300000000000000e+00
	0.000000000000000e+00
	0.000000000000000e+00
	1.698814177691672e-03

 124	6.801776464331787e-08
	3.300000000000000e+00
	3.300000000000000e+00
	0.000000000000000e+00
	0.000000000000000e+00
	-1.636698466794676e-03

 125	6.901776464331786e-08
	3.300000000000000e+00
	3.300000000000000e+00
	0.000000000000000e+00
	0.000000000000000e+00
	1.580035856817359e-03

 126	7.001776464331786e-08
	3.300000000000000e+00
	3.300000000000000e+00
	0.000000000000000e+00
	0.000000000000000e+00
	-1.526462777023627e-03

 127	7.101776464331786e-08
	3.300000000000000e+00
	3.300000000000000e+00
	0.000000000000000e+00
	0.000000000000000e+00
	1.477384346743006e-03

 128	7.201776464331785e-08
	3.300000000000000e+00
	3.300000000000000e+00
	0.000000000000000e+00
	0.000000000000000e+00
	-1.430618244167260e-03

 129	7.301776464331785e-08
	3.300000000000000e+00
	3.300000000000000e+00
	0.000000000000000e+00
	0.000000000000000e+00
	1.387632430546130e-03

 130	7.401776464331784e-08
	3.300000000000000e+00
	3.300000000000000e+00
	0.000000000000000e+00
	0.000000000000000e+00
	-1.346384181060918e-03

 131	7.500000000000001e-08
	3.300000000000000e+00
	3.300000000000000e+00
	0.000000000000000e+00
	0.000000000000000e+00
	1.307692238910787e-03

 132	7.510000000000000e-08
	3.300000000000000e+00
	2.970000000000019e+00
	0.000000000000000e+00
	0.000000000000000e+00
	-1.364098969069971e-04

 133	7.530000000000001e-08
	3.300000000000000e+00
	2.310000000000013e+00
	0.000000000000000e+00
	0.000000000000000e+00
	-1.921307820399575e-04

 134	7.558393789505688e-08
	3.300000000000000e+00
	1.373004946312340e+00
	0.000000000000000e+00
	0.000000000000000e+00
	5.482649961740735e-05

 135	7.596245893595360e-08
	3.300000000000000e+00
	1.238855113531465e-01
	0.000000000000000e+00
	0.000000000000000e+00
	-1.144849772026973e-03

 136	7.600000000000001e-08
	3.300000000000000e+00
	0.000000000000000e+00
	0.000000000000000e+00
	0.000000000000000e+00
	-4.392556409807472e-04

 137	7.601870181786006e-08
	3.300000000000000e+00
	0.000000000000000e+00
	0.000000000000000e+00
	0.000000000000000e+00
	5.606410253393909e-04

 138	7.605610545358017e-08
	3.300000000000000e+00
	0.000000000000000e+00
	0.000000000000000e+00
	0.000000000000000e+00
	1.505389446792668e-03

 139	7.613091272502041e-08
	3.300000000000000e+00
	0.000000000000000e+00
	0.000000000000000e+00
	0.000000000000000e+00
	1.344142118735566e-03

 140	7.628052726790088e-08
	3.300000000000000e+00
	0.000000000000000e+00
	0.000000000000000e+00
	0.000000000000000e+00
	2.705150423329833e-04

 141	7.646762164993389e-08
	3.300000000000000e+00
	0.000000000000000e+00
	0.000000000000000e+00
	0.000000000000000e+00
	5.361193144573853e-06

 142	7.672672030205997e-08
	3.300000000000000e+00
	0.000000000000000e+00
	0.000000000000000e+00
	0.000000000000000e+00
	4.969462392305155e-05

 143	7.710457686566579e-08
	3.300000000000000e+00
	0.000000000000000e+00
	0.000000000000000e+00
	0.000000000000000e+00
	-3.941422240634138e-05

 144	7.786028999287744e-08
	3.300000000000000e+00
	0.000000000000000e+00
	0.000000000000000e+00
	0.000000000000000e+00
	4.299674176995840e-05

 145	7.886028999287743e-08
	3.300000000000000e+00
	0.000000000000000e+00
	0.000000000000000e+00
	0.000000000000000e+00
	-4.100319049579445e-05

 146	7.986028999287743e-08
	3.300000000000000e+00
	0.000000000000000e+00
	0.000000000000000e+00
	0.000000000000000e+00
	4.121899675524733e-05

 147	8.086028999287742e-08
	3.300000000000000e+00
	0.000000000000000e+00
	0.000000000000000e+00
	0.000000000000000e+00
	-3.980408460116944e-05

 148	8.186028999287742e-08
	3.300000000000000e+00
	0.000000000000000e+00
	0.000000000000000e+00
	0.000000000000000e+00
	3.939343015294059e-05

 149	8.199999999999999e-08
	3.300000000000000e+00
	0.000000000000000e+00
	0.000000000000000e+00
	0.000000000000000e+00
	-3.105827023571622e-05

 150	8.206064472968056e-08
	3.300000000000000e+00
	0.000000000000000e+00
	2.001276079458190e-01
	2.001276079458190e-01
	6.276968121406400e-04

 151	8.218193418904169e-08
	3.300000000000000e+00
	0.000000000000000e+00
	6.003828238375444e-01
	6.003828238375444e-01
	-7.909398716481400e-05

 152	8.242451310776394e-08
	3.300000000000000e+00
	0.000000000000000e+00
	1.400893255620995e+00
	1.400893255620995e+00
	-1.254343277873026e-02

 153	8.263582986376804e-08
	3.300000000000000e+00
	0.000000000000000e+00
	2.098238550434522e+00
	2.098238550434522e+00
	8.883383847862797e-01

 154	8.280547504088526e-08
	3.300000000000000e+00
	0.000000000000000e+00
	2.658067634921325e+00
	2.658067634921325e+00
	2.899864021550867e+00

 155	8.297646759247218e-08
	3.300000000000000e+00
	0.000000000000000e+00
	3.222343055158167e+00
	3.222343055158167e+00
	3.464367382577504e+00

 156	8.300000000000000e-08
	3.300000000000000e+00
	0.000000000000000e+00
	3.299999999999986e+00
	3.299999999999986e+00
	3.344910008064472e+00

 157	8.301683551081017e-08
	3.300000000000000e+00
	0.000000000000000e+00
	3.300000000000000e+00
	3.300000000000000e+00
	3.324786653914998e+00

 158	8.305050653243051e-08
	3.300000000000000e+00
	0.000000000000000e+00
	3.300000000000000e+00
	3.300000000000000e+00
	3.302229410912656e+00

 159	8.311784857567121e-08
	3.300000000000000e+00
	0.000000000000000e+00
	3.300000000000000e+00
	3.300000000000000e+00
	3.299268742394463e+00

 160	8.325253266215260e-08
	3.300000000000000e+00
	0.000000000000000e+00
	3.300000000000000e+00
	3.300000000000000e+00
	3.300322262922206e+00

 161	8.352190083511536e-08
	3.300000000000000e+00
	0.000000000000000e+00
	3.300000000000000e+00
	3.300000000000000e+00
	3.299762807154107e+00

 162	8.406063718104090e-08
	3.300000000000000e+00
	0.000000000000000e+00
	3.300000000000000e+00
	3.300000000000000e+00
	3.300204717096473e+00

 163	8.506063718104089e-08
	3.300000000000000e+00
	0.000000000000000e+00
	3.300000000000000e+00
	3.300000000000000e+00
	3.299810741549778e+00

 164	8.606063718104089e-08
	3.300000000000000e+00
	0.000000000000000e+00
	3.300000000000000e+00
	3.300000000000000e+00
	3.300175179933980e+00

 165	8.706063718104089e-08
	3.300000000000000e+00
	0.000000000000000e+00
	3.300000000000000e+00
	3.300000000000000e+00
	3.299837430825856e+00

 166	8.806063718104088e-08
	3.300000000000000e+00
	0.000000000000000e+00
	3.300000000000000e+00
	3.300000000000000e+00
	3.300150914402565e+00

 167	8.906063718104088e-08
	3.300000000000000e+00
	0.000000000000000e+00
	3.300000000000000e+00
	3.300000000000000e+00
	3.299859440635264e+00

 168	9.006063718104087e-08
	3.300000000000000e+00
	0.000000000000000e+00
	3.300000000000000e+00
	3.300000000000000e+00
	3.300130927877585e+00

 169	9.106063718104087e-08
	3.300000000000000e+00
	0.000000000000000e+00
	3.300000000000000e+00
	3.300000000000000e+00
	3.299877581085672e+00

 170	9.206063718104086e-08
	3.300000000000000e+00
	0.000000000000000e+00
	3.300000000000000e+00
	3.300000000000000e+00
	3.300114453905922e+00

 171	9.306063718104086e-08
	3.300000000000000e+00
	0.000000000000000e+00
	3.300000000000000e+00
	3.300000000000000e+00
	3.299892542390059e+00

 172	9.406063718104086e-08
	3.300000000000000e+00
	0.000000000000000e+00
	3.300000000000000e+00
	3.300000000000000e+00
	3.300100860703078e+00

 173	9.506063718104085e-08
	3.300000000000000e+00
	0.000000000000000e+00
	3.300000000000000e+00
	3.300000000000000e+00
	3.299904896224257e+00

 174	9.606063718104085e-08
	3.300000000000000e+00
	0.000000000000000e+00
	3.300000000000000e+00
	3.300000000000000e+00
	3.300089628839283e+00

 175	9.706063718104084e-08
	3.300000000000000e+00
	0.000000000000000e+00
	3.300000000000000e+00
	3.300000000000000e+00
	3.299915112569366e+00

 176	9.806063718104084e-08
	3.300000000000000e+00
	0.000000000000000e+00
	3.300000000000000e+00
	3.300000000000000e+00
	3.300080332224798e+00

 177	9.906063718104083e-08
	3.300000000000000e+00
	0.000000000000000e+00
	3.300000000000000e+00
	3.300000000000000e+00
	3.299923577079454e+00

 178	1.000606371810408e-07
	3.300000000000000e+00
	0.000000000000000e+00
	3.300000000000000e+00
	3.300000000000000e+00
	3.300072621651209e+00

 179	1.010000000000000e-07
	3.300000000000000e+00
	0.000000000000000e+00
	3.300000000000000e+00
	3.300000000000000e+00
	3.299930811600481e+00

 180	1.011000000000000e-07
	3.300000000000000e+00
	0.000000000000000e+00
	3.300000000000000e+00
	2.970000000000030e+00
	3.299846631416520e+00

 181	1.013000000000000e-07
	3.300000000000000e+00
	0.000000000000000e+00
	3.300000000000000e+00
	2.310000000000024e+00
	3.301178492004021e+00

 182	1.015806010861296e-07
	3.300000000000000e+00
	0.000000000000000e+00
	3.300000000000000e+00
	1.384016415772425e+00
	3.303956933452384e+00

 183	1.018851211177330e-07
	3.300000000000000e+00
	0.000000000000000e+00
	3.300000000000000e+00
	3.791003114811979e-01
	5.970106563235519e-01

 184	1.020000000000000e-07
	3.300000000000000e+00
	0.000000000000000e+00
	3.300000000000000e+00
	2.531308496145357e-14
	-2.791400748930089e-02

 185	1.020276621269235e-07
	3.300000000000000e+00
	0.000000000000000e+00
	3.300000000000000e+00
	0.000000000000000e+00
	4.949801470301968e-03

 186	1.020829863807704e-07
	3.300000000000000e+00
	0.000000000000000e+00
	3.300000000000000e+00
	0.000000000000000e+00
	1.449632512420236e-02

 187	1.021936348884642e-07
	3.300000000000000e+00
	0.000000000000000e+00
	3.300000000000000e+00
	0.000000000000000e+00
	-3.172702327881305e-03

 188	1.024149319038519e-07
	3.300000000000000e+00
	0.000000000000000e+00
	3.300000000000000e+00
	0.000000000000000e+00
	2.300783815760253e-03

 189	1.026453554720922e-07
	3.300000000000000e+00
	0.000000000000000e+00
	3.300000000000000e+00
	0.000000000000000e+00
	-1.827917307816954e-03

 190	1.031062026085728e-07
	3.300000000000000e+00
	0.000000000000000e+00
	3.300000000000000e+00
	0.000000000000000e+00
	1.674134439165710e-03

 191	1.040278968815339e-07
	3.300000000000000e+00
	0.000000000000000e+00
	3.300000000000000e+00
	0.000000000000000e+00
	-1.603508672184767e-03

 192	1.050278968815339e-07
	3.300000000000000e+00
	0.000000000000000e+00
	3.300000000000000e+00
	0.000000000000000e+00
	1.547889185705263e-03

 193	1.060278968815339e-07
	3.300000000000000e+00
	0.000000000000000e+00
	3.300000000000000e+00
	0.000000000000000e+00
	-1.494345184821928e-03

 194	1.070278968815339e-07
	3.300000000000000e+00
	0.000000000000000e+00
	3.300000000000000e+00
	0.000000000000000e+00
	1.446448184174476e-03

 195	1.080278968815339e-07
	3.300000000000000e+00
	0.000000000000000e+00
	3.300000000000000e+00
	0.000000000000000e+00
	-1.400625805119388e-03

 196	1.090278968815339e-07
	3.300000000000000e+00
	0.000000000000000e+00
	3.300000000000000e+00
	0.000000000000000e+00
	1.359038640811202e-03

 197	1.100278968815339e-07
	3.300000000000000e+00
	0.000000000000000e+00
	3.300000000000000e+00
	0.000000000000000e+00
	-1.319072962988857e-03

 198	1.110278968815339e-07
	3.300000000000000e+00
	0.000000000000000e+00
	3.300000000000000e+00
	0.000000000000000e+00
	1.282482791788170e-03

 199	1.120278968815339e-07
	3.300000000000000e+00
	0.000000000000000e+00
	3.300000000000000e+00
	0.000000000000000e+00
	-1.247126538628747e-03

 200	1.130278968815339e-07
	3.300000000000000e+00
	0.000000000000000e+00
	3.300000000000000e+00
	0.000000000000000e+00
	1.214559851475608e-03

 201	1.140278968815339e-07
	3.300000000000000e+00
	0.000000000000000e+00
	3.300000000000000e+00
	0.000000000000000e+00
	-1.182886803384552e-03

 202	1.150278968815339e-07
	3.300000000000000e+00
	0.000000000000000e+00
	3.300000000000000e+00
	0.000000000000000e+00
	1.153597379896602e-03

 203	1.160278968815339e-07
	3.300000000000000e+00
	0.000000000000000e+00
	3.300000000000000e+00
	0.000000000000000e+00
	-1.124939359432132e-03

 204	1.170278968815339e-07
	3.300000000000000e+00
	0.000000000000000e+00
	3.300000000000000e+00
	0.000000000000000e+00
	1.098364580815665e-03

 205	1.180278968815339e-07
	3.300000000000000e+00
	0.000000000000000e+00
	3.300000000000000e+00
	0.000000000000000e+00
	-1.072220191038956e-03

 206	1.190000000000000e-07
	3.300000000000000e+00
	0.000000000000000e+00
	3.300000000000000e+00
	0.000000000000000e+00
	1.047241607190963e-03

 207	1.191000000000000e-07
	3.300000000000000e+00
	0.000000000000000e+00
	2.970000000000041e+00
	0.000000000000000e+00
	-4.799146795399223e-05

 208	1.193000000000000e-07
	3.300000000000000e+00
	0.000000000000000e+00
	2.310000000000079e+00
	0.000000000000000e+00
	-8.759767557390587e-05

 209	1.196358791112929e-07
	3.300000000000000e+00
	0.000000000000000e+00
	1.201598932733515e+00
	0.000000000000000e+00
	3.190003919677923e-04

 210	1.200000000000000e-07
	3.300000000000000e+00
	0.000000000000000e+00
	0.000000000000000e+00
	0.000000000000000e+00
	3.396021720722918e-05

 211	1.200415123842367e-07
	3.300000000000000e+00
	0.000000000000000e+00
	0.000000000000000e+00
	0.000000000000000e+00
	-5.104002245795783e-05

 212	1.201245371527101e-07
	3.300000000000000e+00
	0.000000000000000e+00
	0.000000000000000e+00
	0.000000000000000e+00
	-7.394050506874389e-04

 213	1.202905866896569e-07
	3.300000000000000e+00
	0.000000000000000e+00
	0.000000000000000e+00
	0.000000000000000e+00
	1.931609240972462e-04

 214	1.204988050851480e-07
	3.300000000000000e+00
	0.000000000000000e+00
	0.000000000000000e+00
	0.000000000000000e+00
	-1.213565175743614e-04

 215	1.207477028863952e-07
	3.300000000000000e+00
	0.000000000000000e+00
	0.000000000000000e+00
	0.000000000000000e+00
	6.575687601599774e-05

 216	1.211048185626564e-07
	3.300000000000000e+00
	0.000000000000000e+00
	0.000000000000000e+00
	0.000000000000000e+00
	-4.110322618481113e-05

 217	1.218190499151787e-07
	3.300000000000000e+00
	0.000000000000000e+00
	0.000000000000000e+00
	0.000000000000000e+00
	3.268902731467333e-05

 218	1.220000000000000e-07
	3.300000000000000e+00
	0.000000000000000e+00
	0.000000000000000e+00
	0.000000000000000e+00
	-7.101626883292481e-06

 219	1.220709892953329e-07
	3.300000000000000e+00
	0.000000000000000e+00
	0.000000000000000e+00
	2.342646745985724e-01
	4.132733683454709e-04

 220	1.222129678859987e-07
	3.300000000000000e+00
	0.000000000000000e+00
	0.000000000000000e+00
	7.027940237957174e-01
	-1.262594224484687e-04

 221	1.223699857172960e-07
	3.300000000000000e+00
	0.000000000000000e+00
	0.000000000000000e+00
	1.220952867076895e+00
	-1.908565217782418e-05

 222	1.225425480601605e-07
	3.300000000000000e+00
	0.000000000000000e+00
	0.000000000000000e+00
	1.790408598529640e+00
	4.135360638949336e-05

 223	1.227880742589244e-07
	3.300000000000000e+00
	0.000000000000000e+00
	0.000000000000000e+00
	2.600645054450488e+00
	-3.639615226103815e-05

 224	1.230000000000000e-07
	3.300000000000000e+00
	0.000000000000000e+00
	0.000000000000000e+00
	3.299999999999986e+00
	5.797361310163566e-04

 225	1.230253857328550e-07
	3.300000000000000e+00
	0.000000000000000e+00
	0.000000000000000e+00
	3.300000000000000e+00
	-4.632057535342640e-04

 226	1.230761571985651e-07
	3.300000000000000e+00
	0.000000000000000e+00
	0.000000000000000e+00
	3.300000000000000e+00
	-1.160695533667301e-03

 227	1.231777001299851e-07
	3.300000000000000e+00
	0.000000000000000e+00
	0.000000000000000e+00
	3.300000000000000e+00
	1.034535755914633e-04

 228	1.233807859928253e-07
	3.300000000000000e+00
	0.000000000000000e+00
	0.000000000000000e+00
	3.300000000000000e+00
	-1.164292925275728e-06

 229	1.236916022687059e-07
	3.300000000000000e+00
	0.000000000000000e+00
	0.000000000000000e+00
	3.300000000000000e+00
	-2.922113355447072e-05

 230	1.243132348204670e-07
	3.300000000000000e+00
	0.000000000000000e+00
	0.000000000000000e+00
	3.300000000000000e+00
	3.926251832868290e-05

 231	1.253132348204670e-07
	3.300000000000000e+00
	0.000000000000000e+00
	0.000000000000000e+00
	3.300000000000000e+00
	-4.324285253309900e-05

 232	1.263132348204670e-07
	3.300000000000000e+00
	0.000000000000000e+00
	0.000000000000000e+00
	3.300000000000000e+00
	4.745481532845292e-05

 233	1.273132348204670e-07
	3.300000000000000e+00
	0.000000000000000e+00
	0.000000000000000e+00
	3.300000000000000e+00
	-4.996972691672123e-05

 234	1.283132348204670e-07
	3.300000000000000e+00
	0.000000000000000e+00
	0.000000000000000e+00
	3.300000000000000e+00
	5.276068429971607e-05

 235	1.293132348204670e-07
	3.300000000000000e+00
	0.000000000000000e+00
	0.000000000000000e+00
	3.300000000000000e+00
	-5.418311183114305e-05

 236	1.303132348204670e-07
	3.300000000000000e+00
	0.000000000000000e+00
	0.000000000000000e+00
	3.300000000000000e+00
	5.592735145790954e-05

 237	1.313132348204670e-07
	3.300000000000000e+00
	0.000000000000000e+00
	0.000000000000000e+00
	3.300000000000000e+00
	-5.652628715188245e-05

 238	1.323132348204670e-07
	3.300000000000000e+00
	0.000000000000000e+00
	0.000000000000000e+00
	3.300000000000000e+00
	5.749726665744796e-05

 239	1.333132348204669e-07
	3.300000000000000e+00
	0.000000000000000e+00
	0.000000000000000e+00
	3.300000000000000e+00
	-5.747806679329585e-05

 240	1.343132348204669e-07
	3.300000000000000e+00
	0.000000000000000e+00
	0.000000000000000e+00
	3.300000000000000e+00
	5.787708594643401e-05

 241	1.353132348204669e-07
	3.300000000000000e+00
	0.000000000000000e+00
	0.000000000000000e+00
	3.300000000000000e+00
	-5.739736808729615e-05

 242	1.363132348204669e-07
	3.300000000000000e+00
	0.000000000000000e+00
	0.000000000000000e+00
	3.300000000000000e+00
	5.737497473406843e-05

 243	1.373132348204669e-07
	3.300000000000000e+00
	0.000000000000000e+00
	0.000000000000000e+00
	3.300000000000000e+00
	-5.655599286716502e-05

 244	1.383132348204669e-07
	3.300000000000000e+00
	0.000000000000000e+00
	0.000000000000000e+00
	3.300000000000000e+00
	5.622613204886570e-05

 245	1.393132348204669e-07
	3.300000000000000e+00
	0.000000000000000e+00
	0.000000000000000e+00
	3.300000000000000e+00
	-5.516138128450893e-05

 246	1.403132348204669e-07
	3.300000000000000e+00
	0.000000000000000e+00
	0.000000000000000e+00
	3.300000000000000e+00
	5.461100544409394e-05

 247	1.410000000000000e-07
	3.300000000000000e+00
	0.000000000000000e+00
	0.000000000000000e+00
	3.300000000000000e+00
	-5.292107428255758e-05

 248	1.411000000000000e-07
	3.300000000000000e+00
	0.000000000000000e+00
	0.000000000000000e+00
	2.969999999999986e+00
	-3.232953519117284e-04

 249	1.413000000000000e-07
	3.300000000000000e+00
	0.000000000000000e+00
	0.000000000000000e+00
	2.310000000000024e+00
	-1.522991353619246e-04

 250	1.415802840105350e-07
	3.300000000000000e+00
	0.000000000000000e+00
	0.000000000000000e+00
	1.385062765234448e+00
	4.156349783477394e-04

 251	1.419978759961760e-07
	3.300000000000000e+00
	0.000000000000000e+00
	0.000000000000000e+00
	7.009212619176530e-03
	-3.224728856429885e-04

 252	1.420000000000000e-07
	3.300000000000000e+00
	0.000000000000000e+00
	0.000000000000000e+00
	2.531308496145357e-14
	-3.065205997171971e-04

 253	1.420042480076480e-07
	3.300000000000000e+00
	0.000000000000000e+00
	0.000000000000000e+00
	0.000000000000000e+00
	1.870374333796943e-05

 254	1.420127440229439e-07
	3.300000000000000e+00
	0.000000000000000e+00
	0.000000000000000e+00
	0.000000000000000e+00
	4.218191096113516e-04

 255	1.420297360535358e-07
	3.300000000000000e+00
	0.000000000000000e+00
	0.000000000000000e+00
	0.000000000000000e+00
	3.892201126056982e-04

 256	1.420637201147196e-07
	3.300000000000000e+00
	0.000000000000000e+00
	0.000000000000000e+00
	0.000000000000000e+00
	-3.508093775604626e-05

 257	1.421316882370871e-07
	3.300000000000000e+00
	0.000000000000000e+00
	0.000000000000000e+00
	0.000000000000000e+00
	-1.496104599420928e-05

 258	1.422676244818221e-07
	3.300000000000000e+00
	0.000000000000000e+00
	0.000000000000000e+00
	0.000000000000000e+00
	1.029049774190632e-04

 259	1.424346792001751e-07
	3.300000000000000e+00
	0.000000000000000e+00
	0.000000000000000e+00
	0.000000000000000e+00
	-3.310994653961570e-05

 260	1.427200595293886e-07
	3.300000000000000e+00
	0.000000000000000e+00
	0.000000000000000e+00
	0.000000000000000e+00
	2.480600402831115e-05

 261	1.431880098645588e-07
	3.300000000000000e+00
	0.000000000000000e+00
	0.000000000000000e+00
	0.000000000000000e+00
	-1.961807548858056e-05

 262	1.441239105348990e-07
	3.300000000000000e+00
	0.000000000000000e+00
	0.000000000000000e+00
	0.000000000000000e+00
	1.781564700702480e-05

 263	1.451239105348990e-07
	3.300000000000000e+00
	0.000000000000000e+00
	0.000000000000000e+00
	0.000000000000000e+00
	-1.582592247734377e-05

 264	1.461239105348990e-07
	3.300000000000000e+00
	0.000000000000000e+00
	0.000000000000000e+00
	0.000000000000000e+00
	1.452929441777108e-05

 265	1.470000000000000e-07
	3.299999999999913e+00
	0.000000000000000e+00
	0.000000000000000e+00
	0.000000000000000e+00
	-1.268842069133058e-05

 266	1.471000000000000e-07
	2.969999999999888e+00
	0.000000000000000e+00
	0.000000000000000e+00
	0.000000000000000e+00
	-1.870543643440956e-04

 267	1.473000000000000e-07
	2.309999999999926e+00
	0.000000000000000e+00
	0.000000000000000e+00
	0.000000000000000e+00
	-2.834209120424723e-04

 268	1.475820862099482e-07
	1.379115507170855e+00
	0.000000000000000e+00
	0.000000000000000e+00
	0.000000000000000e+00
	3.170522230578621e-04

 269	1.480000000000000e-07
	0.000000000000000e+00
	0.000000000000000e+00
	0.000000000000000e+00
	0.000000000000000e+00
	-1.975200224618600e-03

 270	1.480469797251396e-07
	0.000000000000000e+00
	0.000000000000000e+00
	0.000000000000000e+00
	0.000000000000000e+00
	-1.388098661489562e-03

 271	1.481409391754187e-07
	0.000000000000000e+00
	0.000000000000000e+00
	0.000000000000000e+00
	0.000000000000000e+00
	1.009302870136813e-03

 272	1.483288580759770e-07
	0.000000000000000e+00
	0.000000000000000e+00
	0.000000000000000e+00
	0.000000000000000e+00
	2.505233052095105e-03

 273	1.485317730571146e-07
	0.000000000000000e+00
	0.000000000000000e+00
	0.000000000000000e+00
	0.000000000000000e+00
	-6.182711880988109e-04

 274	1.487680786511895e-07
	0.000000000000000e+00
	0.000000000000000e+00
	0.000000000000000e+00
	0.000000000000000e+00
	1.691659092506320e-04

 275	1.491941580294818e-07
	0.000000000000000e+00
	0.000000000000000e+00
	0.000000000000000e+00
	0.000000000000000e+00
	-2.091661181290606e-05

 276	1.500463167860663e-07
	0.000000000000000e+00
	0.000000000000000e+00
	0.000000000000000e+00
	0.000000000000000e+00
	-1.373269236645954e-05

 277	1.510463167860663e-07
	0.000000000000000e+00
	0.000000000000000e+00
	0.000000000000000e+00
	0.000000000000000e+00
	4.301345669835942e-05

 278	1.520463167860663e-07
	0.000000000000000e+00
	0.000000000000000e+00
	0.000000000000000e+00
	0.000000000000000e+00
	-6.267887162660643e-05

 279	1.530463167860663e-07
	0.000000000000000e+00
	0.000000000000000e+00
	0.000000000000000e+00
	0.000000000000000e+00
	7.949937865866629e-05

 280	1.540463167860663e-07
	0.000000000000000e+00
	0.000000000000000e+00
	0.000000000000000e+00
	0.000000000000000e+00
	-9.081117352643768e-05

 281	1.550463167860663e-07
	0.000000000000000e+00
	0.000000000000000e+00
	0.000000000000000e+00
	0.000000000000000e+00
	1.000483450548308e-04

 282	1.560463167860663e-07
	0.000000000000000e+00
	0.000000000000000e+00
	0.000000000000000e+00
	0.000000000000000e+00
	-1.056225014710787e-04

 283	1.570463167860663e-07
	0.000000000000000e+00
	0.000000000000000e+00
	0.000000000000000e+00
	0.000000000000000e+00
	1.099682964383754e-04

 284	1.580463167860663e-07
	0.000000000000000e+00
	0.000000000000000e+00
	0.000000000000000e+00
	0.000000000000000e+00
	-1.117672491361197e-04

 285	1.590463167860663e-07
	0.000000000000000e+00
	0.000000000000000e+00
	0.000000000000000e+00
	0.000000000000000e+00
	1.129790991898139e-04

 286	1.600463167860663e-07
	0.000000000000000e+00
	0.000000000000000e+00
	0.000000000000000e+00
	0.000000000000000e+00
	-1.123675712300185e-04

 287	1.610463167860663e-07
	0.000000000000000e+00
	0.000000000000000e+00
	0.000000000000000e+00
	0.000000000000000e+00
	1.116201326121862e-04

 288	1.620000000000000e-07
	0.000000000000000e+00
	0.000000000000000e+00
	0.000000000000000e+00
	0.000000000000000e+00
	-1.094292448801954e-04

 289	1.621000000000000e-07
	0.000000000000000e+00
	3.300000000000248e-01
	3.300000000000248e-01
	3.300000000000248e-01
	6.412928043339310e-04

 290	1.623000000000000e-07
	0.000000000000000e+00
	9.899999999999870e-01
	9.899999999999870e-01
	9.899999999999870e-01
	-1.203292653384820e-02

 291	1.624501538418849e-07
	0.000000000000000e+00
	1.485507678220167e+00
	1.485507678220167e+00
	1.485507678220167e+00
	4.813679936305489e-01

 292	1.625784425475304e-07
	0.000000000000000e+00
	1.908860406850290e+00
	1.908860406850290e+00
	1.908860406850290e+00
	2.455995854117059e+00

 293	1.626778648437001e-07
	0.000000000000000e+00
	2.236953984210314e+00
	2.236953984210314e+00
	2.236953984210314e+00
	1.786048155529408e+00

 294	1.627813859737667e-07
	0.000000000000000e+00
	2.578573713430233e+00
	2.578573713430233e+00
	2.578573713430233e+00
	7.741321602403838e-04

 295	1.628663690440141e-07
	0.000000000000000e+00
	2.859017845246616e+00
	2.859017845246616e+00
	2.859017845246616e+00
	1.503429812421282e-02

 296	1.629547471896560e-07
	0.000000000000000e+00
	3.150665725864725e+00
	3.150665725864725e+00
	3.150665725864725e+00
	-1.169577435333649e-02

 297	1.630000000000000e-07
	0.000000000000000e+00
	3.299999999999986e+00
	3.299999999999986e+00
	3.299999999999986e+00
	5.874573374044546e-03

 298	1.630105597144898e-07
	0.000000000000000e+00
	3.300000000000000e+00
	3.300000000000000e+00
	3.300000000000000e+00
	1.796291344659029e-03

 299	1.630316791434694e-07
	0.000000000000000e+00
	3.300000000000000e+00
	3.300000000000000e+00
	3.300000000000000e+00
	-1.080563874045218e-03

 300	1.630739180014286e-07
	0.000000000000000e+00
	3.300000000000000e+00
	3.300000000000000e+00
	3.300000000000000e+00
	1.102224524912251e-04

 301	1.631583957173470e-07
	0.000000000000000e+00
	3.300000000000000e+00
	3.300000000000000e+00
	3.300000000000000e+00
	-2.005479358403277e-04

 302	1.633273511491838e-07
	0.000000000000000e+00
	3.300000000000000e+00
	3.300000000000000e+00
	3.300000000000000e+00
	2.012266093479702e-04

 303	1.636652620128574e-07
	0.000000000000000e+00
	3.300000000000000e+00
	3.300000000000000e+00
	3.300000000000000e+00
	-1.985567044271788e-04

 304	1.643410837402045e-07
	0.000000000000000e+00
	3.300000000000000e+00
	3.300000000000000e+00
	3.300000000000000e+00
	1.973419373450238e-04

 305	1.653410837402045e-07
	0.000000000000000e+00
	3.300000000000000e+00
	3.300000000000000e+00
	3.300000000000000e+00
	-1.959065412768532e-04

 306	1.663410837402045e-07
	0.000000000000000e+00
	3.300000000000000e+00
	3.300000000000000e+00
	3.300000000000000e+00
	1.949643985788333e-04

 307	1.673410837402045e-07
	0.000000000000000e+00
	3.300000000000000e+00
	3.300000000000000e+00
	3.300000000000000e+00
	-1.933741462671916e-04

 308	1.683410837402045e-07
	0.000000000000000e+00
	3.300000000000000e+00
	3.300000000000000e+00
	3.300000000000000e+00
	1.922948395885120e-04

 309	1.693410837402045e-07
	0.000000000000000e+00
	3.300000000000000e+00
	3.300000000000000e+00
	3.300000000000000e+00
	-1.905839464793760e-04

 310	1.703410837402045e-07
	0.000000000000000e+00
	3.300000000000000e+00
	3.300000000000000e+00
	3.300000000000000e+00
	1.893982121670499e-04

 311	1.713410837402045e-07
	0.000000000000000e+00
	3.300000000000000e+00
	3.300000000000000e+00
	3.300000000000000e+00
	-1.875943639235581e-04

 312	1.723410837402045e-07
	0.000000000000000e+00
	3.300000000000000e+00
	3.300000000000000e+00
	3.300000000000000e+00
	1.863270755750926e-04

 313	1.733410837402045e-07
	0.000000000000000e+00
	3.300000000000000e+00
	3.300000000000000e+00
	3.300000000000000e+00
	-1.844526703458668e-04

 314	1.743410837402045e-07
	0.000000000000000e+00
	3.300000000000000e+00
	3.300000000000000e+00
	3.300000000000000e+00
	1.831239561663157e-04

 315	1.753410837402045e-07
	0.000000000000000e+00
	3.300000000000000e+00
	3.300000000000000e+00
	3.300000000000000e+00
	-1.811971293909894e-04

 316	1.763410837402045e-07
	0.000000000000000e+00
	3.300000000000000e+00
	3.300000000000000e+00
	3.300000000000000e+00
	1.798232985207194e-04

 317	1.773410837402045e-07
	0.000000000000000e+00
	3.300000000000000e+00
	3.300000000000000e+00
	3.300000000000000e+00
	-1.778587579022023e-04

 318	1.783410837402045e-07
	0.000000000000000e+00
	3.300000000000000e+00
	3.300000000000000e+00
	3.300000000000000e+00
	1.764530504651234e-04

 319	1.793410837402045e-07
	0.000000000000000e+00
	3.300000000000000e+00
	3.300000000000000e+00
	3.300000000000000e+00
	-1.744627488880820e-04

 320	1.803410837402045e-07
	0.000000000000000e+00
	3.300000000000000e+00
	3.300000000000000e+00
	3.300000000000000e+00
	1.730359378935933e-04

 321	1.810000000000000e-07
	0.000000000000000e+00
	3.300000000000000e+00
	3.300000000000000e+00
	3.300000000000000e+00
	-1.701206011996961e-04

 322	1.811000000000000e-07
	0.000000000000000e+00
	3.300000000000000e+00
	3.300000000000000e+00
	2.969999999999986e+00
	-1.840682366291858e-04

 323	1.813000000000000e-07
	0.000000000000000e+00
	3.300000000000000e+00
	3.300000000000000e+00
	2.310000000000024e+00
	-8.998132755927250e-05

 324	1.815807615861974e-07
	0.000000000000000e+00
	3.300000000000000e+00
	3.300000000000000e+00
	1.383486765548547e+00
	2.795913796453855e-04

 325	1.818914602657050e-07
	0.000000000000000e+00
	3.300000000000000e+00
	3.300000000000000e+00
	3.581811231735879e-01
	-1.296429782340208e-05

 326	1.820000000000000e-07
	0.000000000000000e+00
	3.300000000000000e+00
	3.300000000000000e+00
	2.531308496145357e-14
	-6.347636137614757e-04

 327	1.820418515757670e-07
	0.000000000000000e+00
	3.300000000000000e+00
	3.300000000000000e+00
	0.000000000000000e+00
	6.086146958642416e-05

 328	1.821255547273010e-07
	0.000000000000000e+00
	3.300000000000000e+00
	3.300000000000000e+00
	0.000000000000000e+00
	1.557884991364375e-04

 329	1.822929610303690e-07
	0.000000000000000e+00
	3.300000000000000e+00
	3.300000000000000e+00
	0.000000000000000e+00
	-1.253521299097761e-04

 330	1.826277736365050e-07
	0.000000000000000e+00
	3.300000000000000e+00
	3.300000000000000e+00
	0.000000000000000e+00
	1.155175336745445e-04

 331	1.831363940701394e-07
	0.000000000000000e+00
	3.300000000000000e+00
	3.300000000000000e+00
	0.000000000000000e+00
	-1.080288395701795e-04

 332	1.841363940701394e-07
	0.000000000000000e+00
	3.300000000000000e+00
	3.300000000000000e+00
	0.000000000000000e+00
	1.046105362554925e-04

 333	1.851363940701394e-07
	0.000000000000000e+00
	3.300000000000000e+00
	3.300000000000000e+00
	0.000000000000000e+00
	-1.006476111141286e-04

 334	1.861363940701394e-07
	0.000000000000000e+00
	3.300000000000000e+00
	3.300000000000000e+00
	0.000000000000000e+00
	9.727435818399728e-05

 335	1.871363940701394e-07
	0.000000000000000e+00
	3.300000000000000e+00
	3.300000000000000e+00
	0.000000000000000e+00
	-9.339362361627038e-05

 336	1.881363940701394e-07
	0.000000000000000e+00
	3.300000000000000e+00
	3.300000000000000e+00
	0.000000000000000e+00
	9.013108521314364e-05

 337	1.891363940701394e-07
	0.000000000000000e+00
	3.300000000000000e+00
	3.300000000000000e+00
	0.000000000000000e+00
	-8.638559878115445e-05

 338	1.901363940701394e-07
	0.000000000000000e+00
	3.300000000000000e+00
	3.300000000000000e+00
	0.000000000000000e+00
	8.327603184034608e-05

 339	1.911363940701394e-07
	0.000000000000000e+00
	3.300000000000000e+00
	3.300000000000000e+00
	0.000000000000000e+00
	-7.969885419409741e-05

 340	1.921363940701394e-07
	0.000000000000000e+00
	3.300000000000000e+00
	3.300000000000000e+00
	0.000000000000000e+00
	7.676754290741753e-05

 341	1.931363940701394e-07
	0.000000000000000e+00
	3.300000000000000e+00
	3.300000000000000e+00
	0.000000000000000e+00
	-7.337734773979259e-05

 342	1.941363940701394e-07
	0.000000000000000e+00
	3.300000000000000e+00
	3.300000000000000e+00
	0.000000000000000e+00
	7.063745607869534e-05

 343	1.951363940701394e-07
	0.000000000000000e+00
	3.300000000000000e+00
	3.300000000000000e+00
	0.000000000000000e+00
	-6.744272185516985e-05

 344	1.961363940701394e-07
	0.000000000000000e+00
	3.300000000000000e+00
	3.300000000000000e+00
	0.000000000000000e+00
	6.489889286776136e-05

 345	1.971363940701394e-07
	0.000000000000000e+00
	3.300000000000000e+00
	3.300000000000000e+00
	0.000000000000000e+00
	-6.190099448942455e-05

 346	1.981363940701394e-07
	0.000000000000000e+00
	3.300000000000000e+00
	3.300000000000000e+00
	0.000000000000000e+00
	5.955199208457869e-05

 347	1.990000000000000e-07
	0.000000000000000e+00
	3.300000000000000e+00
	3.300000000000000e+00
	0.000000000000000e+00
	-5.635557982195533e-05

 348	1.991000000000000e-07
	0.000000000000000e+00
	3.300000000000000e+00
	2.969999999999997e+00
	0.000000000000000e+00
	-5.739851937710226e-05

 349	1.993000000000000e-07
	0.000000000000000e+00
	3.300000000000000e+00
	2.310000000000035e+00
	0.000000000000000e+00
	4.167313327063833e-05

 350	1.995874063367684e-07
	0.000000000000000e+00
	3.300000000000000e+00
	1.361559088664272e+00
	0.000000000000000e+00
	2.568619014913908e-04

 351	1.999028923923589e-07
	0.000000000000000e+00
	3.300000000000000e+00
	3.204551052157627e-01
	0.000000000000000e+00
	1.444590447417720e+00

 352	2.000000000000000e-07
	0.000000000000000e+00
	3.300000000000000e+00
	3.641531520770513e-14
	0.000000000000000e+00
	2.656562838128687e+00

 353	2.000284874480795e-07
	0.000000000000000e+00
	3.300000000000000e+00
	0.000000000000000e+00
	0.000000000000000e+00
	2.953792700405146e+00

 354	2.000854623442385e-07
	0.000000000000000e+00
	3.300000000000000e+00
	0.000000000000000e+00
	0.000000000000000e+00
	3.266653068096928e+00

 355	2.001994121365564e-07
	0.000000000000000e+00
	3.300000000000000e+00
	0.000000000000000e+00
	0.000000000000000e+00
	3.302407790521262e+00

 356	2.003728508855039e-07
	0.000000000000000e+00
	3.300000000000000e+00
	0.000000000000000e+00
	0.000000000000000e+00
	3.293900655222824e+00

 357	2.005512357473983e-07
	0.000000000000000e+00
	3.300000000000000e+00
	0.000000000000000e+00
	0.000000000000000e+00
	3.300855141300053e+00

 358	2.009080054711872e-07
	0.000000000000000e+00
	3.300000000000000e+00
	0.000000000000000e+00
	0.000000000000000e+00
	3.297649308763984e+00

 359	2.013713160578633e-07
	0.000000000000000e+00
	3.300000000000000e+00
	0.000000000000000e+00
	0.000000000000000e+00
	3.300816539633496e+00

 360	2.020000000000000e-07
	0.000000000000000e+00
	3.300000000000000e+00
	0.000000000000000e+00
	0.000000000000000e+00
	3.298614480306554e+00

 361	2.020926621173352e-07
	0.000000000000000e+00
	3.300000000000000e+00
	0.000000000000000e+00
	3.057849872062594e-01
	3.299620838914707e+00

 362	2.022779863520057e-07
	0.000000000000000e+00
	3.300000000000000e+00
	0.000000000000000e+00
	9.173549616187782e-01
	3.299605956258248e+00

 363	2.024267797608722e-07
	0.000000000000000e+00
	3.300000000000000e+00
	0.000000000000000e+00
	1.408373210878173e+00
	3.299938418245606e+00

 364	2.026020434343665e-07
	0.000000000000000e+00
	3.300000000000000e+00
	0.000000000000000e+00
	1.986743333409648e+00
	3.303420497187927e+00

 365	2.028046998951016e-07
	0.000000000000000e+00
	3.300000000000000e+00
	0.000000000000000e+00
	2.655509653835444e+00
	1.090071914696188e+00

 366	2.029928980662157e-07
	0.000000000000000e+00
	3.300000000000000e+00
	0.000000000000000e+00
	3.276563618511997e+00
	-1.350129952222085e-01

 367	2.030000000000000e-07
	0.000000000000000e+00
	3.300000000000000e+00
	0.000000000000000e+00
	3.299999999999986e+00
	-8.953305933647331e-02

 368	2.030142038675685e-07
	0.000000000000000e+00
	3.300000000000000e+00
	0.000000000000000e+00
	3.300000000000000e+00
	-5.554572270476062e-02

 369	2.030426116027054e-07
	0.000000000000000e+00
	3.300000000000000e+00
	0.000000000000000e+00
	3.300000000000000e+00
	-1.383569310157085e-02

 370	2.030960567780610e-07
	0.000000000000000e+00
	3.300000000000000e+00
	0.000000000000000e+00
	3.300000000000000e+00
	-9.327052323285234e-05

 371	2.032029471287720e-07
	0.000000000000000e+00
	3.300000000000000e+00
	0.000000000000000e+00
	3.300000000000000e+00
	-8.277796768256518e-05

 372	2.034167278301942e-07
	0.000000000000000e+00
	3.300000000000000e+00
	0.000000000000000e+00
	3.300000000000000e+00
	1.144887152548166e-04

 373	2.038442892330385e-07
	0.000000000000000e+00
	3.300000000000000e+00
	0.000000000000000e+00
	3.300000000000000e+00
	-1.039870123774470e-04

 374	2.046994120387271e-07
	0.000000000000000e+00
	3.300000000000000e+00
	0.000000000000000e+00
	3.300000000000000e+00
	9.895275642199950e-05

 375	2.056994120387271e-07
	0.000000000000000e+00
	3.300000000000000e+00
	0.000000000000000e+00
	3.300000000000000e+00
	-9.323920303651225e-05

 376	2.066994120387271e-07
	0.000000000000000e+00
	3.300000000000000e+00
	0.000000000000000e+00
	3.300000000000000e+00
	9.018004452387377e-05

 377	2.076994120387271e-07
	0.000000000000000e+00
	3.300000000000000e+00
	0.000000000000000e+00
	3.300000000000000e+00
	-8.473152064156306e-05

 378	2.086994120387271e-07
	0.000000000000000e+00
	3.300000000000000e+00
	0.000000000000000e+00
	3.300000000000000e+00
	8.198754333421654e-05

 379	2.096994120387271e-07
	0.000000000000000e+00
	3.300000000000000e+00
	0.000000000000000e+00
	3.300000000000000e+00
	-7.693783535273708e-05

 380	2.106994120387271e-07
	0.000000000000000e+00
	3.300000000000000e+00
	0.000000000000000e+00
	3.300000000000000e+00
	7.457895140246902e-05

 381	2.116994120387271e-07
	0.000000000000000e+00
	3.300000000000000e+00
	0.000000000000000e+00
	3.300000000000000e+00
	-6.997481716888116e-05

 382	2.126994120387271e-07
	0.000000000000000e+00
	3.300000000000000e+00
	0.000000000000000e+00
	3.300000000000000e+00
	6.802380852151532e-05

 383	2.136994120387271e-07
	0.000000000000000e+00
	3.300000000000000e+00
	0.000000000000000e+00
	3.300000000000000e+00
	-6.386653824220698e-05

 384	2.146994120387271e-07
	0.000000000000000e+00
	3.300000000000000e+00
	0.000000000000000e+00
	3.300000000000000e+00
	6.231140458957994e-05

 385	2.156994120387271e-07
	0.000000000000000e+00
	3.300000000000000e+00
	0.000000000000000e+00
	3.300000000000000e+00
	-5.857670292689710e-05

 386	2.166994120387270e-07
	0.000000000000000e+00
	3.300000000000000e+00
	0.000000000000000e+00
	3.300000000000000e+00
	5.738661192733864e-05

 387	2.176994120387270e-07
	0.000000000000000e+00
	3.300000000000000e+00
	0.000000000000000e+00
	3.300000000000000e+00
	-5.403709286870432e-05

 388	2.186994120387270e-07
	0.000000000000000e+00
	3.300000000000000e+00
	0.000000000000000e+00
	3.300000000000000e+00
	5.401823916805111e-05

 389	2.196994120387270e-07
	0.000000000000000e+00
	3.300000000000000e+00
	0.000000000000000e+00
	3.300000000000000e+00
	-5.007011133291049e-05

 390	2.206994120387270e-07
	0.000000000000000e+00
	3.300000000000000e+00
	0.000000000000000e+00
	3.300000000000000e+00
	5.032251590218967e-05

 391	2.210000000000000e-07
	0.000000000000000e+00
	3.300000000000000e+00
	0.000000000000000e+00
	3.300000000000000e+00
	-4.404391906635136e-05

 392	2.210654121743486e-07
	0.000000000000000e+00
	3.300000000000000e+00
	0.000000000000000e+00
	3.084139824649512e+00
	-3.146107176642647e-04

 393	2.211962365230459e-07
	0.000000000000000e+00
	3.300000000000000e+00
	0.000000000000000e+00
	2.652419473948513e+00
	-1.811975968261936e-04

 394	2.214578852204404e-07
	0.000000000000000e+00
	3.300000000000000e+00
	0.000000000000000e+00
	1.788978772546516e+00
	2.173361848446277e-04

 395	2.215232973947891e-07
	0.000000000000000e+00
	3.300000000000000e+00
	0.000000000000000e+00
	1.573118597196016e+00
	1.952452318948646e-04

 396	2.216541217434863e-07
	0.000000000000000e+00
	3.300000000000000e+00
	0.000000000000000e+00
	1.141398246495018e+00
	-1.455728362165110e-03

 397	2.217896958571608e-07
	0.000000000000000e+00
	3.300000000000000e+00
	0.000000000000000e+00
	6.940036713693201e-01
	2.724512902225874e-01

 398	2.219132660898747e-07
	0.000000000000000e+00
	3.300000000000000e+00
	0.000000000000000e+00
	2.862219034133791e-01
	1.967854447728996e+00

 399	2.220000000000000e-07
	0.000000000000000e+00
	3.300000000000000e+00
	0.000000000000000e+00
	2.531308496145357e-14
	3.180673961622971e+00

 400	2.220125615230246e-07
	0.000000000000000e+00
	3.300000000000000e+00
	0.000000000000000e+00
	0.000000000000000e+00
	3.221271787859242e+00

 401	2.220376845690740e-07
	0.000000000000000e+00
	3.300000000000000e+00
	0.000000000000000e+00
	0.000000000000000e+00
	3.275569877182668e+00

 402	2.220879306611727e-07
	0.000000000000000e+00
	3.300000000000000e+00
	0.000000000000000e+00
	0.000000000000000e+00
	3.300835983157086e+00

 403	2.221884228453700e-07
	0.000000000000000e+00
	3.300000000000000e+00
	0.000000000000000e+00
	0.000000000000000e+00
	3.299418110560213e+00

 404	2.223894072137647e-07
	0.000000000000000e+00
	3.300000000000000e+00
	0.000000000000000e+00
	0.000000000000000e+00
	3.300440141689266e+00

 405	2.227913759505542e-07
	0.000000000000000e+00
	3.300000000000000e+00
	0.000000000000000e+00
	0.000000000000000e+00
	3.299616035443070e+00

 406	2.235300321447554e-07
	0.000000000000000e+00
	3.300000000000000e+00
	0.000000000000000e+00
	0.000000000000000e+00
	3.300357678954033e+00

 407	2.245300321447554e-07
	0.000000000000000e+00
	3.300000000000000e+00
	0.000000000000000e+00
	0.000000000000000e+00
	3.299659792070487e+00

 408	2.255300321447554e-07
	0.000000000000000e+00
	3.300000000000000e+00
	0.000000000000000e+00
	0.000000000000000e+00
	3.300323750220687e+00

 409	2.265300321447554e-07
	0.000000000000000e+00
	3.300000000000000e+00
	0.000000000000000e+00
	0.000000000000000e+00
	3.299691266559159e+00

 410	2.275300321447553e-07
	0.000000000000000e+00
	3.300000000000000e+00
	0.000000000000000e+00
	0.000000000000000e+00
	3.300294523648346e+00

 411	2.285300321447553e-07
	0.000000000000000e+00
	3.300000000000000e+00
	0.000000000000000e+00
	0.000000000000000e+00
	3.299718435248796e+00

 412	2.295300321447553e-07
	0.000000000000000e+00
	3.300000000000000e+00
	0.000000000000000e+00
	0.000000000000000e+00
	3.300269248344585e+00

 413	2.305300321447553e-07
	0.000000000000000e+00
	3.300000000000000e+00
	0.000000000000000e+00
	0.000000000000000e+00
	3.299741971530910e+00

 414	2.315300321447553e-07
	0.000000000000000e+00
	3.300000000000000e+00
	0.000000000000000e+00
	0.000000000000000e+00
	3.300247315932221e+00

 415	2.325300321447553e-07
	0.000000000000000e+00
	3.300000000000000e+00
	0.000000000000000e+00
	0.000000000000000e+00
	3.299762428205932e+00

 416	2.335300321447553e-07
	0.000000000000000e+00
	3.300000000000000e+00
	0.000000000000000e+00
	0.000000000000000e+00
	3.300228222145619e+00

 417	2.345300321447553e-07
	0.000000000000000e+00
	3.300000000000000e+00
	0.000000000000000e+00
	0.000000000000000e+00
	3.299780266671982e+00

 418	2.350000000000000e-07
	0.000000000000000e+00
	3.300000000000000e+00
	0.000000000000000e+00
	0.000000000000000e+00
	3.300203019038342e+00

 419	2.351000000000000e-07
	0.000000000000000e+00
	2.969999999999975e+00
	0.000000000000000e+00
	0.000000000000000e+00
	3.299886338462597e+00

 420	2.353000000000000e-07
	0.000000000000000e+00
	2.310000000000013e+00
	0.000000000000000e+00
	0.000000000000000e+00
	3.301170134359790e+00

 421	2.356096612484134e-07
	0.000000000000000e+00
	1.288117880235801e+00
	0.000000000000000e+00
	0.000000000000000e+00
	3.304147238571909e+00

 422	2.359346145813967e-07
	0.000000000000000e+00
	2.157718813909040e-01
	0.000000000000000e+00
	0.000000000000000e+00
	5.870403565401454e-01

 423	2.360000000000000e-07
	0.000000000000000e+00
	0.000000000000000e+00
	0.000000000000000e+00
	0.000000000000000e+00
	6.351805359909378e-02

 424	2.360239093023034e-07
	0.000000000000000e+00
	0.000000000000000e+00
	0.000000000000000e+00
	0.000000000000000e+00
	4.843289206795155e-02

 425	2.360717279069102e-07
	0.000000000000000e+00
	0.000000000000000e+00
	0.000000000000000e+00
	0.000000000000000e+00
	2.058435161846822e-02

 426	2.361673651161238e-07
	0.000000000000000e+00
	0.000000000000000e+00
	0.000000000000000e+00
	0.000000000000000e+00
	1.469022721199299e-03

 427	2.363586395345510e-07
	0.000000000000000e+00
	0.000000000000000e+00
	0.000000000000000e+00
	0.000000000000000e+00
	1.508140576175036e-04

 428	2.365364581629268e-07
	0.000000000000000e+00
	0.000000000000000e+00
	0.000000000000000e+00
	0.000000000000000e+00
	-1.373066331558127e-04

 429	2.368891727366673e-07
	0.000000000000000e+00
	0.000000000000000e+00
	0.000000000000000e+00
	0.000000000000000e+00
	2.178779475450364e-04

 430	2.373285014781895e-07
	0.000000000000000e+00
	0.000000000000000e+00
	0.000000000000000e+00
	0.000000000000000e+00
	-2.116305488020394e-04

 431	2.382071589612339e-07
	0.000000000000000e+00
	0.000000000000000e+00
	0.000000000000000e+00
	0.000000000000000e+00
	2.192834455044391e-04

 432	2.392071589612339e-07
	0.000000000000000e+00
	0.000000000000000e+00
	0.000000000000000e+00
	0.000000000000000e+00
	-2.173010815278227e-04

 433	2.402071589612339e-07
	0.000000000000000e+00
	0.000000000000000e+00
	0.000000000000000e+00
	0.000000000000000e+00
	2.182826880558412e-04

 434	2.412071589612339e-07
	0.000000000000000e+00
	0.000000000000000e+00
	0.000000000000000e+00
	0.000000000000000e+00
	-2.162304851533459e-04

 435	2.420000000000000e-07
	0.000000000000000e+00
	0.000000000000000e+00
	0.000000000000000e+00
	0.000000000000000e+00
	2.147732307521350e-04

 436	2.421000000000000e-07
	0.000000000000000e+00
	0.000000000000000e+00
	3.299999999998501e-01
	3.299999999998501e-01
	3.916297068928976e-04

 437	2.423000000000000e-07
	0.000000000000000e+00
	0.000000000000000e+00
	9.899999999998997e-01
	9.899999999998997e-01
	-4.518483371308895e-03

 438	2.424800320181549e-07
	0.000000000000000e+00
	0.000000000000000e+00
	1.584105659911189e+00
	1.584105659911189e+00
	3.496292503307261e-01

 439	2.426358775406728e-07
	0.000000000000000e+00
	0.000000000000000e+00
	2.098395884220023e+00
	2.098395884220023e+00
	1.895996551017525e+00

 440	2.427651119303689e-07
	0.000000000000000e+00
	0.000000000000000e+00
	2.524869370217344e+00
	2.524869370217344e+00
	2.046565370256757e+00

 441	2.429006049879548e-07
	0.000000000000000e+00
	0.000000000000000e+00
	2.971996460250688e+00
	2.971996460250688e+00
	2.819889603894290e-01

 442	2.430000000000000e-07
	0.000000000000000e+00
	0.000000000000000e+00
	3.299999999999899e+00
	3.299999999999899e+00
	-6.667745384666693e-02

 443	2.430159183317823e-07
	0.000000000000000e+00
	0.000000000000000e+00
	3.300000000000000e+00
	3.300000000000000e+00
	-3.627505514329919e-02

 444	2.430477549953468e-07
	0.000000000000000e+00
	0.000000000000000e+00
	3.300000000000000e+00
	3.300000000000000e+00
	-7.524087259213962e-03

 445	2.431114283224758e-07
	0.000000000000000e+00
	0.000000000000000e+00
	3.300000000000000e+00
	3.300000000000000e+00
	-4.159365491409883e-04

 446	2.432387749767339e-07
	0.000000000000000e+00
	0.000000000000000e+00
	3.300000000000000e+00
	3.300000000000000e+00
	5.660425983988852e-04

 447	2.434934682852500e-07
	0.000000000000000e+00
	0.000000000000000e+00
	3.300000000000000e+00
	3.300000000000000e+00
	-6.108448541740849e-04

 448	2.440028549022823e-07
	0.000000000000000e+00
	0.000000000000000e+00
	3.300000000000000e+00
	3.300000000000000e+00
	6.238138568602260e-04

 449	2.450028549022823e-07
	0.000000000000000e+00
	0.000000000000000e+00
	3.300000000000000e+00
	3.300000000000000e+00
	-6.273455424404967e-04

 450	2.460028549022823e-07
	0.000000000000000e+00
	0.000000000000000e+00
	3.300000000000000e+00
	3.300000000000000e+00
	6.307817392785077e-04

 451	2.470028549022824e-07
	0.000000000000000e+00
	0.000000000000000e+00
	3.300000000000000e+00
	3.300000000000000e+00
	-6.323349518225219e-04

 452	2.480028549022824e-07
	0.000000000000000e+00
	0.000000000000000e+00
	3.300000000000000e+00
	3.300000000000000e+00
	6.337805885398918e-04

 453	2.490028549022824e-07
	0.000000000000000e+00
	0.000000000000000e+00
	3.300000000000000e+00
	3.300000000000000e+00
	-6.336500990171681e-04

 454	2.500028549022824e-07
	0.000000000000000e+00
	0.000000000000000e+00
	3.300000000000000e+00
	3.300000000000000e+00
	6.335301531544659e-04

 455	2.510028549022825e-07
	0.000000000000000e+00
	0.000000000000000e+00
	3.300000000000000e+00
	3.300000000000000e+00
	-6.320407993159302e-04

 456	2.520028549022825e-07
	0.000000000000000e+00
	0.000000000000000e+00
	3.300000000000000e+00
	3.300000000000000e+00
	6.306797565705491e-04

 457	2.530028549022825e-07
	0.000000000000000e+00
	0.000000000000000e+00
	3.300000000000000e+00
	3.300000000000000e+00
	-6.281081183395882e-04

 458	2.540028549022825e-07
	0.000000000000000e+00
	0.000000000000000e+00
	3.300000000000000e+00
	3.300000000000000e+00
	6.257680903004460e-04

 459	2.550028549022825e-07
	0.000000000000000e+00
	0.000000000000000e+00
	3.300000000000000e+00
	3.300000000000000e+00
	-6.223440378012547e-04

 460	2.560028549022826e-07
	0.000000000000000e+00
	0.000000000000000e+00
	3.300000000000000e+00
	3.300000000000000e+00
	6.192388235743240e-04

 461	2.570028549022826e-07
	0.000000000000000e+00
	0.000000000000000e+00
	3.300000000000000e+00
	3.300000000000000e+00
	-6.151517854035894e-04

 462	2.580028549022826e-07
	0.000000000000000e+00
	0.000000000000000e+00
	3.300000000000000e+00
	3.300000000000000e+00
	6.114558718868521e-04

 463	2.590028549022826e-07
	0.000000000000000e+00
	0.000000000000000e+00
	3.300000000000000e+00
	3.300000000000000e+00
	-6.068610441300735e-04

 464	2.600028549022827e-07
	0.000000000000000e+00
	0.000000000000000e+00
	3.300000000000000e+00
	3.300000000000000e+00
	6.027165018521173e-04

 465	2.610000000000000e-07
	0.000000000000000e+00
	0.000000000000000e+00
	3.300000000000000e+00
	3.300000000000000e+00
	-5.977266529510659e-04

 466	2.611000000000000e-07
	0.000000000000000e+00
	0.000000000000000e+00
	3.300000000000000e+00
	2.969999999999986e+00
	-2.202072828943902e-04

 467	2.613000000000000e-07
	0.000000000000000e+00
	0.000000000000000e+00
	3.300000000000000e+00
	2.309999999999937e+00
	-1.116592972216796e-04

 468	2.615805289247876e-07
	0.000000000000000e+00
	0.000000000000000e+00
	3.300000000000000e+00
	1.384254548200977e+00
	2.982617615582602e-04

 469	2.618824278197240e-07
	0.000000000000000e+00
	0.000000000000000e+00
	3.300000000000000e+00
	3.879881949108848e-01
	-1.172088228187165e-04

 470	2.620000000000000e-07
	0.000000000000000e+00
	0.000000000000000e+00
	3.300000000000000e+00
	0.000000000000000e+00
	-5.286533092870235e-04

 471	2.620427417369114e-07
	0.000000000000000e+00
	0.000000000000000e+00
	3.300000000000000e+00
	0.000000000000000e+00
	2.901571942556871e-04

 472	2.621282252107343e-07
	0.000000000000000e+00
	0.000000000000000e+00
	3.300000000000000e+00
	0.000000000000000e+00
	2.894917652034035e-04

 473	2.622991921583800e-07
	0.000000000000000e+00
	0.000000000000000e+00
	3.300000000000000e+00
	0.000000000000000e+00
	-2.158003193143705e-04

 474	2.626411260536713e-07
	0.000000000000000e+00
	0.000000000000000e+00
	3.300000000000000e+00
	0.000000000000000e+00
	1.823066425416719e-04

 475	2.633249938442539e-07
	0.000000000000000e+00
	0.000000000000000e+00
	3.300000000000000e+00
	0.000000000000000e+00
	-1.666904503034002e-04

 476	2.643249938442539e-07
	0.000000000000000e+00
	0.000000000000000e+00
	3.300000000000000e+00
	0.000000000000000e+00
	1.571615603170357e-04

 477	2.653249938442539e-07
	0.000000000000000e+00
	0.000000000000000e+00
	3.300000000000000e+00
	0.000000000000000e+00
	-1.475700657456204e-04

 478	2.663249938442540e-07
	0.000000000000000e+00
	0.000000000000000e+00
	3.300000000000000e+00
	0.000000000000000e+00
	1.390621637744321e-04

 479	2.673249938442540e-07
	0.000000000000000e+00
	0.000000000000000e+00
	3.300000000000000e+00
	0.000000000000000e+00
	-1.304709874085314e-04

 480	2.683249938442540e-07
	0.000000000000000e+00
	0.000000000000000e+00
	3.300000000000000e+00
	0.000000000000000e+00
	1.229277888087953e-04

 481	2.693249938442540e-07
	0.000000000000000e+00
	0.000000000000000e+00
	3.300000000000000e+00
	0.000000000000000e+00
	-1.152708681133843e-04

 482	2.703249938442541e-07
	0.000000000000000e+00
	0.000000000000000e+00
	3.300000000000000e+00
	0.000000000000000e+00
	1.086203991478283e-04

 483	2.713249938442541e-07
	0.000000000000000e+00
	0.000000000000000e+00
	3.300000000000000e+00
	0.000000000000000e+00
	-1.018205244491112e-04

 484	2.723249938442541e-07
	0.000000000000000e+00
	0.000000000000000e+00
	3.300000000000000e+00
	0.000000000000000e+00
	9.598327462504146e-05

 485	2.733249938442541e-07
	0.000000000000000e+00
	0.000000000000000e+00
	3.300000000000000e+00
	0.000000000000000e+00
	-8.995893561075923e-05

 486	2.743249938442541e-07
	0.000000000000000e+00
	0.000000000000000e+00
	3.300000000000000e+00
	0.000000000000000e+00
	8.485358503455788e-05

 487	2.753249938442542e-07
	0.000000000000000e+00
	0.000000000000000e+00
	3.300000000000000e+00
	0.000000000000000e+00
	-7.952365676130871e-05

 488	2.763249938442542e-07
	0.000000000000000e+00
	0.000000000000000e+00
	3.300000000000000e+00
	0.000000000000000e+00
	7.507089126062346e-05

 489	2.773249938442542e-07
	0.000000000000000e+00
	0.000000000000000e+00
	3.300000000000000e+00
	0.000000000000000e+00
	-7.035766281237189e-05

 490	2.783249938442542e-07
	0.000000000000000e+00
	0.000000000000000e+00
	3.300000000000000e+00
	0.000000000000000e+00
	6.648255700160855e-05

 491	2.790000000000000e-07
	0.000000000000000e+00
	0.000000000000000e+00
	3.299999999999935e+00
	0.000000000000000e+00
	-6.052162947513262e-05

 492	2.791000000000001e-07
	0.000000000000000e+00
	0.000000000000000e+00
	2.969999999999910e+00
	0.000000000000000e+00
	-7.839669330550990e-05

 493	2.793000000000001e-07
	0.000000000000000e+00
	0.000000000000000e+00
	2.309999999999860e+00
	0.000000000000000e+00
	1.037346427231953e-05

 494	2.796329383685975e-07
	0.000000000000000e+00
	0.000000000000000e+00
	1.211303383628378e+00
	0.000000000000000e+00
	6.073162599272691e-05

 495	2.800000000000001e-07
	0.000000000000000e+00
	0.000000000000000e+00
	0.000000000000000e+00
	0.000000000000000e+00
	2.945196508876919e-04

 496	2.800418730215739e-07
	0.000000000000000e+00
	0.000000000000000e+00
	0.000000000000000e+00
	0.000000000000000e+00
	4.113893186741616e-05

 497	2.801256190647214e-07
	0.000000000000000e+00
	0.000000000000000e+00
	0.000000000000000e+00
	0.000000000000000e+00
	-8.514571278515209e-04

 498	2.802931111510166e-07
	0.000000000000000e+00
	0.000000000000000e+00
	0.000000000000000e+00
	0.000000000000000e+00
	2.142758721930399e-04

 499	2.804923850385420e-07
	0.000000000000000e+00
	0.000000000000000e+00
	0.000000000000000e+00
	0.000000000000000e+00
	-5.458850869831909e-05

 500	2.807340449885267e-07
	0.000000000000000e+00
	0.000000000000000e+00
	0.000000000000000e+00
	0.000000000000000e+00
	4.481417187489518e-05

 501	2.810852348030807e-07
	0.000000000000000e+00
	0.000000000000000e+00
	0.000000000000000e+00
	0.000000000000000e+00
	-1.512432708682728e-05

 502	2.817876144321888e-07
	0.000000000000000e+00
	0.000000000000000e+00
	0.000000000000000e+00
	0.000000000000000e+00
	1.368601200335117e-05

 503	2.820000000000000e-07
	0.000000000000000e+00
	0.000000000000000e+00
	0.000000000000000e+00
	0.000000000000000e+00
	3.115232134091178e-06

 504	2.820855185504309e-07
	0.000000000000000e+00
	0.000000000000000e+00
	0.000000000000000e+00
	2.822112164218096e-01
	3.148649069499038e-04

 505	2.822565556512925e-07
	0.000000000000000e+00
	0.000000000000000e+00
	0.000000000000000e+00
	8.466336492652539e-01
	-2.333155826813765e-03

 506	2.824738401403157e-07
	0.000000000000000e+00
	0.000000000000000e+00
	0.000000000000000e+00
	1.563672463041907e+00
	3.712756160756775e-01

 507	2.826735881425597e-07
	0.000000000000000e+00
	0.000000000000000e+00
	0.000000000000000e+00
	2.222840870446942e+00
	2.227601109479591e+00

 508	2.828730657658116e-07
	0.000000000000000e+00
	0.000000000000000e+00
	0.000000000000000e+00
	2.881117027178372e+00
	3.366035551807102e+00

 509	2.830000000000000e-07
	0.000000000000000e+00
	0.000000000000000e+00
	0.000000000000000e+00
	3.300000000000000e+00
	3.263255023716590e+00

 510	2.830189391338052e-07
	0.000000000000000e+00
	0.000000000000000e+00
	0.000000000000000e+00
	3.300000000000000e+00
	3.281454931886715e+00

 511	2.830568174014156e-07
	0.000000000000000e+00
	0.000000000000000e+00
	0.000000000000000e+00
	3.300000000000000e+00
	3.299515995944059e+00

 512	2.831325739366363e-07
	0.000000000000000e+00
	0.000000000000000e+00
	0.000000000000000e+00
	3.300000000000000e+00
	3.300095005710433e+00

 513	2.832840870070776e-07
	0.000000000000000e+00
	0.000000000000000e+00
	0.000000000000000e+00
	3.300000000000000e+00
	3.299970988853163e+00

 514	2.835871131479604e-07
	0.000000000000000e+00
	0.000000000000000e+00
	0.000000000000000e+00
	3.300000000000000e+00
	3.300003526887759e+00

 515	2.841931654297260e-07
	0.000000000000000e+00
	0.000000000000000e+00
	0.000000000000000e+00
	3.300000000000000e+00
	3.300006018314230e+00

 516	2.851931654297260e-07
	0.000000000000000e+00
	0.000000000000000e+00
	0.000000000000000e+00
	3.300000000000000e+00
	3.299989007938833e+00

 517	2.861931654297261e-07
	0.000000000000000e+00
	0.000000000000000e+00
	0.000000000000000e+00
	3.300000000000000e+00
	3.300015408832551e+00

 518	2.871931654297261e-07
	0.000000000000000e+00
	0.000000000000000e+00
	0.000000000000000e+00
	3.300000000000000e+00
	3.299980525643076e+00

 519	2.881931654297261e-07
	0.000000000000000e+00
	0.000000000000000e+00
	0.000000000000000e+00
	3.300000000000000e+00
	3.300022960111796e+00

 520	2.891931654297261e-07
	0.000000000000000e+00
	0.000000000000000e+00
	0.000000000000000e+00
	3.300000000000000e+00
	3.299973769870367e+00

 521	2.901931654297262e-07
	0.000000000000000e+00
	0.000000000000000e+00
	0.000000000000000e+00
	3.300000000000000e+00
	3.300028954671276e+00

 522	2.911931654297262e-07
	0.000000000000000e+00
	0.000000000000000e+00
	0.000000000000000e+00
	3.300000000000000e+00
	3.299968448350497e+00

 523	2.921931654297262e-07
	0.000000000000000e+00
	0.000000000000000e+00
	0.000000000000000e+00
	3.300000000000000e+00
	3.300033645293349e+00

 524	2.931931654297262e-07
	0.000000000000000e+00
	0.000000000000000e+00
	0.000000000000000e+00
	3.300000000000000e+00
	3.299964321262247e+00

 525	2.941931654297262e-07
	0.000000000000000e+00
	0.000000000000000e+00
	0.000000000000000e+00
	3.300000000000000e+00
	3.300037248923268e+00

 526	2.951931654297263e-07
	0.000000000000000e+00
	0.000000000000000e+00
	0.000000000000000e+00
	3.300000000000000e+00
	3.299961186666896e+00

 527	2.961931654297263e-07
	0.000000000000000e+00
	0.000000000000000e+00
	0.000000000000000e+00
	3.300000000000000e+00
	3.300039950292914e+00

 528	2.971931654297263e-07
	0.000000000000000e+00
	0.000000000000000e+00
	0.000000000000000e+00
	3.300000000000000e+00
	3.299958873680741e+00

 529	2.981931654297263e-07
	0.000000000000000e+00
	0.000000000000000e+00
	0.000000000000000e+00
	3.300000000000000e+00
	3.300041906108444e+00

 530	2.991931654297264e-07
	0.000000000000000e+00
	0.000000000000000e+00
	0.000000000000000e+00
	3.300000000000000e+00
	3.299957237819026e+00

 531	3.001931654297264e-07
	0.000000000000000e+00
	0.000000000000000e+00
	0.000000000000000e+00
	3.300000000000000e+00
	3.300043248849736e+00

 532	3.010000000000001e-07
	0.000000000000000e+00
	0.000000000000000e+00
	0.000000000000000e+00
	3.299999999999836e+00
	3.299956059862206e+00

 533	3.011000000000001e-07
	0.000000000000000e+00
	0.000000000000000e+00
	0.000000000000000e+00
	2.969999999999811e+00
	3.299853090557613e+00

 534	3.013000000000001e-07
	0.000000000000000e+00
	0.000000000000000e+00
	0.000000000000000e+00
	2.309999999999762e+00
	3.301172596767695e+00

 535	3.015796872812981e-07
	0.000000000000000e+00
	0.000000000000000e+00
	0.000000000000000e+00
	1.387031971716264e+00
	3.303981418759132e+00

 536	3.018635531712506e-07
	0.000000000000000e+00
	0.000000000000000e+00
	0.000000000000000e+00
	4.502745348729431e-01
	8.384110877732470e-01

 537	3.020000000000001e-07
	0.000000000000000e+00
	0.000000000000000e+00
	0.000000000000000e+00
	0.000000000000000e+00
	-1.151704538905333e-01

 538	3.020268070990703e-07
	0.000000000000000e+00
	0.000000000000000e+00
	0.000000000000000e+00
	0.000000000000000e+00
	-5.593397334540863e-02

 539	3.020804212972107e-07
	0.000000000000000e+00
	0.000000000000000e+00
	0.000000000000000e+00
	0.000000000000000e+00
	3.109383143149305e-03

 540	3.021876496934916e-07
	0.000000000000000e+00
	0.000000000000000e+00
	0.000000000000000e+00
	0.000000000000000e+00
	-1.441234707292353e-03

 541	3.024021064860533e-07
	0.000000000000000e+00
	0.000000000000000e+00
	0.000000000000000e+00
	0.000000000000000e+00
	1.009587214222481e-03

 542	3.026705851107847e-07
	0.000000000000000e+00
	0.000000000000000e+00
	0.000000000000000e+00
	0.000000000000000e+00
	-7.375802143712445e-04

 543	3.032075423602474e-07
	0.000000000000000e+00
	0.000000000000000e+00
	0.000000000000000e+00
	0.000000000000000e+00
	6.427626706877257e-04

 544	3.042075423602474e-07
	0.000000000000000e+00
	0.000000000000000e+00
	0.000000000000000e+00
	0.000000000000000e+00
	-5.920138338073961e-04

 545	3.052075423602474e-07
	0.000000000000000e+00
	0.000000000000000e+00
	0.000000000000000e+00
	0.000000000000000e+00
	5.466347710396157e-04

 546	3.062075423602474e-07
	0.000000000000000e+00
	0.000000000000000e+00
	0.000000000000000e+00
	0.000000000000000e+00
	-5.030971337231329e-04

 547	3.072075423602474e-07
	0.000000000000000e+00
	0.000000000000000e+00
	0.000000000000000e+00
	0.000000000000000e+00
	4.628184676750435e-04

 548	3.082075423602475e-07
	0.000000000000000e+00
	0.000000000000000e+00
	0.000000000000000e+00
	0.000000000000000e+00
	-4.244050491567382e-04

 549	3.092075423602475e-07
	0.000000000000000e+00
	0.000000000000000e+00
	0.000000000000000e+00
	0.000000000000000e+00
	3.886556750653304e-04

 550	3.102075423602475e-07
	0.000000000000000e+00
	0.000000000000000e+00
	0.000000000000000e+00
	0.000000000000000e+00
	-3.545114031929045e-04

 551	3.112075423602475e-07
	0.000000000000000e+00
	0.000000000000000e+00
	0.000000000000000e+00
	0.000000000000000e+00
	3.226676875905088e-04

 552	3.122075423602476e-07
	0.000000000000000e+00
	0.000000000000000e+00
	0.000000000000000e+00
	0.000000000000000e+00
	-2.921706298529762e-04

 553	3.132075423602476e-07
	0.000000000000000e+00
	0.000000000000000e+00
	0.000000000000000e+00
	0.000000000000000e+00
	2.637121464537972e-04

 554	3.142075423602476e-07
	0.000000000000000e+00
	0.000000000000000e+00
	0.000000000000000e+00
	0.000000000000000e+00
	-2.363755379597033e-04

 555	3.152075423602476e-07
	0.000000000000000e+00
	0.000000000000000e+00
	0.000000000000000e+00
	0.000000000000000e+00
	2.108763438228296e-04

 556	3.162075423602476e-07
	0.000000000000000e+00
	0.000000000000000e+00
	0.000000000000000e+00
	0.000000000000000e+00
	-1.863080689314314e-04

 557	3.172075423602477e-07
	0.000000000000000e+00
	0.000000000000000e+00
	0.000000000000000e+00
	0.000000000000000e+00
	1.634174482639463e-04

 558	3.182075423602477e-07
	0.000000000000000e+00
	0.000000000000000e+00
	0.000000000000000e+00
	0.000000000000000e+00
	-1.412955235228219e-04

 559	3.192075423602477e-07
	0.000000000000000e+00
	0.000000000000000e+00
	0.000000000000000e+00
	0.000000000000000e+00
	1.207213839718485e-04

 560	3.200000000000000e-07
	0.000000000000000e+00
	0.000000000000000e+00
	0.000000000000000e+00
	0.000000000000000e+00
	-9.576422511069389e-05

