Title: * hspice file created from seg_b.ext - technology: tsmc
Date: Thu Apr 27 01:07:13  2017
Plotname: Transient Analysis
Flags: real
No. Variables: 6
No. Points: 546
Variables:
	0	time	time
	1	a	voltage
	2	b	voltage
	3	c	voltage
	4	d	voltage
	5	y	voltage
Values:
 0	0.000000000000000e+00
	3.300000000000000e+00
	3.300000000000000e+00
	3.300000000000000e+00
	3.300000000000000e+00
	3.299999808996429e+00

 1	1.000000000000000e-11
	3.267000000000000e+00
	3.267000000000000e+00
	3.267000000000000e+00
	3.267000000000000e+00
	3.298870310453256e+00

 2	2.000000000000000e-11
	3.234000000000000e+00
	3.234000000000000e+00
	3.234000000000000e+00
	3.234000000000000e+00
	3.298433148511656e+00

 3	4.000000000000000e-11
	3.168000000000000e+00
	3.168000000000000e+00
	3.168000000000000e+00
	3.168000000000000e+00
	3.298321938583807e+00

 4	8.000000000000001e-11
	3.036000000000000e+00
	3.036000000000000e+00
	3.036000000000000e+00
	3.036000000000000e+00
	3.299445196263263e+00

 5	1.600000000000000e-10
	2.772000000000000e+00
	2.772000000000000e+00
	2.772000000000000e+00
	2.772000000000000e+00
	3.300285882566266e+00

 6	3.200000000000000e-10
	2.244000000000000e+00
	2.244000000000000e+00
	2.244000000000000e+00
	2.244000000000000e+00
	3.305075025919117e+00

 7	3.407304879670718e-10
	2.175589389708663e+00
	2.175589389708663e+00
	2.175589389708663e+00
	2.175589389708663e+00
	3.306110370265003e+00

 8	3.821914639012154e-10
	2.038768169125989e+00
	2.038768169125989e+00
	2.038768169125989e+00
	2.038768169125989e+00
	3.308004868612741e+00

 9	4.651134157695026e-10
	1.765125727960642e+00
	1.765125727960642e+00
	1.765125727960642e+00
	1.765125727960642e+00
	3.239025059891759e+00

 10	5.595065973457370e-10
	1.453628228759068e+00
	1.453628228759068e+00
	1.453628228759068e+00
	1.453628228759068e+00
	1.084810265008040e+00

 11	6.516729144797314e-10
	1.149479382216887e+00
	1.149479382216887e+00
	1.149479382216887e+00
	1.149479382216887e+00
	-8.825748852748272e-02

 12	7.387754623829030e-10
	8.620409741364203e-01
	8.620409741364203e-01
	8.620409741364203e-01
	8.620409741364203e-01
	5.324259561444426e-02

 13	8.446974292142654e-10
	5.124984835929243e-01
	5.124984835929243e-01
	5.124984835929243e-01
	5.124984835929243e-01
	-2.381693064449322e-02

 14	9.452741673306306e-10
	1.805952478089194e-01
	1.805952478089194e-01
	1.805952478089194e-01
	1.805952478089194e-01
	3.399826524462830e-02

 15	1.000000000000000e-09
	0.000000000000000e+00
	0.000000000000000e+00
	0.000000000000000e+00
	0.000000000000000e+00
	-2.613181803820259e-02

 16	1.017525226259262e-09
	0.000000000000000e+00
	0.000000000000000e+00
	0.000000000000000e+00
	0.000000000000000e+00
	-2.305359943972074e-04

 17	1.052575678777786e-09
	0.000000000000000e+00
	0.000000000000000e+00
	0.000000000000000e+00
	0.000000000000000e+00
	5.160483131085497e-03

 18	1.122676583814834e-09
	0.000000000000000e+00
	0.000000000000000e+00
	0.000000000000000e+00
	0.000000000000000e+00
	-2.154074579206050e-03

 19	1.262878393888929e-09
	0.000000000000000e+00
	0.000000000000000e+00
	0.000000000000000e+00
	0.000000000000000e+00
	2.103569547331499e-03

 20	1.543282014037120e-09
	0.000000000000000e+00
	0.000000000000000e+00
	0.000000000000000e+00
	0.000000000000000e+00
	-1.958438441583624e-03

 21	2.104089254333502e-09
	0.000000000000000e+00
	0.000000000000000e+00
	0.000000000000000e+00
	0.000000000000000e+00
	1.913815330184521e-03

 22	3.104089254333502e-09
	0.000000000000000e+00
	0.000000000000000e+00
	0.000000000000000e+00
	0.000000000000000e+00
	-1.883719698309345e-03

 23	4.104089254333502e-09
	0.000000000000000e+00
	0.000000000000000e+00
	0.000000000000000e+00
	0.000000000000000e+00
	1.857254449434404e-03

 24	5.104089254333502e-09
	0.000000000000000e+00
	0.000000000000000e+00
	0.000000000000000e+00
	0.000000000000000e+00
	-1.829770032164706e-03

 25	6.104089254333502e-09
	0.000000000000000e+00
	0.000000000000000e+00
	0.000000000000000e+00
	0.000000000000000e+00
	1.804252076823927e-03

 26	7.104089254333501e-09
	0.000000000000000e+00
	0.000000000000000e+00
	0.000000000000000e+00
	0.000000000000000e+00
	-1.778187356884840e-03

 27	8.104089254333502e-09
	0.000000000000000e+00
	0.000000000000000e+00
	0.000000000000000e+00
	0.000000000000000e+00
	1.753800360440254e-03

 28	9.104089254333503e-09
	0.000000000000000e+00
	0.000000000000000e+00
	0.000000000000000e+00
	0.000000000000000e+00
	-1.728971816743138e-03

 29	1.010408925433350e-08
	0.000000000000000e+00
	0.000000000000000e+00
	0.000000000000000e+00
	0.000000000000000e+00
	1.705686323088419e-03

 30	1.110408925433350e-08
	0.000000000000000e+00
	0.000000000000000e+00
	0.000000000000000e+00
	0.000000000000000e+00
	-1.681989971938322e-03

 31	1.210408925433350e-08
	0.000000000000000e+00
	0.000000000000000e+00
	0.000000000000000e+00
	0.000000000000000e+00
	1.659747237986710e-03

 32	1.310408925433351e-08
	0.000000000000000e+00
	0.000000000000000e+00
	0.000000000000000e+00
	0.000000000000000e+00
	-1.637099966440427e-03

 33	1.410408925433351e-08
	0.000000000000000e+00
	0.000000000000000e+00
	0.000000000000000e+00
	0.000000000000000e+00
	1.615836602806087e-03

 34	1.510408925433351e-08
	0.000000000000000e+00
	0.000000000000000e+00
	0.000000000000000e+00
	0.000000000000000e+00
	-1.594165302180305e-03

 35	1.610408925433351e-08
	0.000000000000000e+00
	0.000000000000000e+00
	0.000000000000000e+00
	0.000000000000000e+00
	1.573819272706245e-03

 36	1.710408925433350e-08
	0.000000000000000e+00
	0.000000000000000e+00
	0.000000000000000e+00
	0.000000000000000e+00
	-1.553057736970512e-03

 37	1.810408925433350e-08
	0.000000000000000e+00
	0.000000000000000e+00
	0.000000000000000e+00
	0.000000000000000e+00
	1.533570227604563e-03

 38	1.900000000000000e-08
	0.000000000000000e+00
	0.000000000000000e+00
	0.000000000000000e+00
	0.000000000000000e+00
	-1.511398752184222e-03

 39	1.910000000000000e-08
	0.000000000000000e+00
	0.000000000000000e+00
	0.000000000000000e+00
	3.300000000000030e-01
	1.847137597083409e-04

 40	1.930000000000000e-08
	0.000000000000000e+00
	0.000000000000000e+00
	0.000000000000000e+00
	9.899999999999980e-01
	-4.876853623646399e-04

 41	1.957036788165382e-08
	0.000000000000000e+00
	0.000000000000000e+00
	0.000000000000000e+00
	1.882214009457595e+00
	-3.109518256022362e-04

 42	1.983531072953081e-08
	0.000000000000000e+00
	0.000000000000000e+00
	0.000000000000000e+00
	2.756525407451672e+00
	5.641255217057189e-04

 43	2.000000000000000e-08
	0.000000000000000e+00
	0.000000000000000e+00
	0.000000000000000e+00
	3.300000000000000e+00
	4.040918260375462e-04

 44	2.003680714645773e-08
	0.000000000000000e+00
	0.000000000000000e+00
	0.000000000000000e+00
	3.300000000000000e+00
	-8.542122300439492e-05

 45	2.011042143937319e-08
	0.000000000000000e+00
	0.000000000000000e+00
	0.000000000000000e+00
	3.300000000000000e+00
	-1.639550802322032e-04

 46	2.025765002520411e-08
	0.000000000000000e+00
	0.000000000000000e+00
	0.000000000000000e+00
	3.300000000000000e+00
	2.195364938656005e-04

 47	2.055210719686594e-08
	0.000000000000000e+00
	0.000000000000000e+00
	0.000000000000000e+00
	3.300000000000000e+00
	-1.313146168520352e-04

 48	2.114102154018961e-08
	0.000000000000000e+00
	0.000000000000000e+00
	0.000000000000000e+00
	3.300000000000000e+00
	1.211057646476679e-04

 49	2.214102154018961e-08
	0.000000000000000e+00
	0.000000000000000e+00
	0.000000000000000e+00
	3.300000000000000e+00
	-1.086845159248267e-04

 50	2.314102154018961e-08
	0.000000000000000e+00
	0.000000000000000e+00
	0.000000000000000e+00
	3.300000000000000e+00
	1.002406000778708e-04

 51	2.414102154018961e-08
	0.000000000000000e+00
	0.000000000000000e+00
	0.000000000000000e+00
	3.300000000000000e+00
	-9.090051809498324e-05

 52	2.514102154018961e-08
	0.000000000000000e+00
	0.000000000000000e+00
	0.000000000000000e+00
	3.300000000000000e+00
	8.326404564533429e-05

 53	2.614102154018961e-08
	0.000000000000000e+00
	0.000000000000000e+00
	0.000000000000000e+00
	3.300000000000000e+00
	-7.528017097433587e-05

 54	2.714102154018961e-08
	0.000000000000000e+00
	0.000000000000000e+00
	0.000000000000000e+00
	3.300000000000000e+00
	6.861675732911660e-05

 55	2.814102154018961e-08
	0.000000000000000e+00
	0.000000000000000e+00
	0.000000000000000e+00
	3.300000000000000e+00
	-6.171776965635534e-05

 56	2.914102154018961e-08
	0.000000000000000e+00
	0.000000000000000e+00
	0.000000000000000e+00
	3.300000000000000e+00
	5.597940971715371e-05

 57	3.014102154018961e-08
	0.000000000000000e+00
	0.000000000000000e+00
	0.000000000000000e+00
	3.300000000000000e+00
	-5.002309340245738e-05

 58	3.114102154018961e-08
	0.000000000000000e+00
	0.000000000000000e+00
	0.000000000000000e+00
	3.300000000000000e+00
	4.512630845075055e-05

 59	3.214102154018961e-08
	0.000000000000000e+00
	0.000000000000000e+00
	0.000000000000000e+00
	3.300000000000000e+00
	-3.999756504123944e-05

 60	3.314102154018961e-08
	0.000000000000000e+00
	0.000000000000000e+00
	0.000000000000000e+00
	3.300000000000000e+00
	3.585211490523925e-05

 61	3.414102154018962e-08
	0.000000000000000e+00
	0.000000000000000e+00
	0.000000000000000e+00
	3.300000000000000e+00
	-3.144924882973223e-05

 62	3.514102154018962e-08
	0.000000000000000e+00
	0.000000000000000e+00
	0.000000000000000e+00
	3.300000000000000e+00
	2.796746326991749e-05

 63	3.614102154018962e-08
	0.000000000000000e+00
	0.000000000000000e+00
	0.000000000000000e+00
	3.300000000000000e+00
	-2.419909059610606e-05

 64	3.714102154018962e-08
	0.000000000000000e+00
	0.000000000000000e+00
	0.000000000000000e+00
	3.300000000000000e+00
	2.129881096425180e-05

 65	3.814102154018962e-08
	0.000000000000000e+00
	0.000000000000000e+00
	0.000000000000000e+00
	3.300000000000000e+00
	-1.808549198116689e-05

 66	3.900000000000001e-08
	0.000000000000000e+00
	0.000000000000000e+00
	0.000000000000000e+00
	3.300000000000000e+00
	1.527275872160658e-05

 67	3.910000000000001e-08
	0.000000000000000e+00
	0.000000000000000e+00
	3.300000000000030e-01
	3.300000000000000e+00
	1.922955293975903e-04

 68	3.930000000000001e-08
	0.000000000000000e+00
	0.000000000000000e+00
	9.900000000000089e-01
	3.300000000000000e+00
	-1.024940333137631e-04

 69	3.957421476917281e-08
	0.000000000000000e+00
	0.000000000000000e+00
	1.894908738270272e+00
	3.300000000000000e+00
	-2.037993422609186e-04

 70	3.984556017224131e-08
	0.000000000000000e+00
	0.000000000000000e+00
	2.790348568396299e+00
	3.300000000000000e+00
	1.983566590190999e-04

 71	4.000000000000000e-08
	0.000000000000000e+00
	0.000000000000000e+00
	3.299999999999986e+00
	3.300000000000000e+00
	-4.101075248847535e-05

 72	4.003743419174576e-08
	0.000000000000000e+00
	0.000000000000000e+00
	3.300000000000000e+00
	3.176467167239009e+00
	-5.707884157332144e-04

 73	4.011230257523727e-08
	0.000000000000000e+00
	0.000000000000000e+00
	3.300000000000000e+00
	2.929401501717026e+00
	-3.043625661195565e-04

 74	4.026203934222028e-08
	0.000000000000000e+00
	0.000000000000000e+00
	3.300000000000000e+00
	2.435270170673082e+00
	2.291426302022115e-04

 75	4.056151287618631e-08
	0.000000000000000e+00
	0.000000000000000e+00
	3.300000000000000e+00
	1.447007508585195e+00
	1.947549683670238e-04

 76	4.100000000000000e-08
	0.000000000000000e+00
	0.000000000000000e+00
	3.300000000000000e+00
	0.000000000000000e+00
	5.276916889065293e-04

 77	4.105341415872184e-08
	0.000000000000000e+00
	0.000000000000000e+00
	3.300000000000000e+00
	0.000000000000000e+00
	-6.700008392906270e-04

 78	4.116024247616552e-08
	0.000000000000000e+00
	0.000000000000000e+00
	3.300000000000000e+00
	0.000000000000000e+00
	-1.641018501584338e-03

 79	4.137389911105287e-08
	0.000000000000000e+00
	0.000000000000000e+00
	3.300000000000000e+00
	0.000000000000000e+00
	9.384879017369438e-04

 80	4.166769655250151e-08
	0.000000000000000e+00
	0.000000000000000e+00
	3.300000000000000e+00
	0.000000000000000e+00
	-2.125380533231844e-04

 81	4.195910643725360e-08
	0.000000000000000e+00
	0.000000000000000e+00
	3.300000000000000e+00
	0.000000000000000e+00
	-9.278209686063021e-05

 82	4.254192620675779e-08
	0.000000000000000e+00
	0.000000000000000e+00
	3.300000000000000e+00
	0.000000000000000e+00
	1.621148873327087e-04

 83	4.354192620675779e-08
	0.000000000000000e+00
	0.000000000000000e+00
	3.300000000000000e+00
	0.000000000000000e+00
	-1.868209895504215e-04

 84	4.454192620675780e-08
	0.000000000000000e+00
	0.000000000000000e+00
	3.300000000000000e+00
	0.000000000000000e+00
	2.050862389912367e-04

 85	4.554192620675780e-08
	0.000000000000000e+00
	0.000000000000000e+00
	3.300000000000000e+00
	0.000000000000000e+00
	-2.162882459502066e-04

 86	4.654192620675780e-08
	0.000000000000000e+00
	0.000000000000000e+00
	3.300000000000000e+00
	0.000000000000000e+00
	2.235635565448011e-04

 87	4.754192620675780e-08
	0.000000000000000e+00
	0.000000000000000e+00
	3.300000000000000e+00
	0.000000000000000e+00
	-2.263217314665989e-04

 88	4.854192620675781e-08
	0.000000000000000e+00
	0.000000000000000e+00
	3.300000000000000e+00
	0.000000000000000e+00
	2.269159526952953e-04

 89	4.954192620675781e-08
	0.000000000000000e+00
	0.000000000000000e+00
	3.300000000000000e+00
	0.000000000000000e+00
	-2.245787078173338e-04

 90	5.054192620675781e-08
	0.000000000000000e+00
	0.000000000000000e+00
	3.300000000000000e+00
	0.000000000000000e+00
	2.212331092768648e-04

 91	5.154192620675781e-08
	0.000000000000000e+00
	0.000000000000000e+00
	3.300000000000000e+00
	0.000000000000000e+00
	-2.159611224333870e-04

 92	5.254192620675782e-08
	0.000000000000000e+00
	0.000000000000000e+00
	3.300000000000000e+00
	0.000000000000000e+00
	2.104202108904902e-04

 93	5.354192620675782e-08
	0.000000000000000e+00
	0.000000000000000e+00
	3.300000000000000e+00
	0.000000000000000e+00
	-2.035888458686852e-04

 94	5.454192620675782e-08
	0.000000000000000e+00
	0.000000000000000e+00
	3.300000000000000e+00
	0.000000000000000e+00
	1.969526978416146e-04

 95	5.554192620675782e-08
	0.000000000000000e+00
	0.000000000000000e+00
	3.300000000000000e+00
	0.000000000000000e+00
	-1.894245566658615e-04

 96	5.654192620675782e-08
	0.000000000000000e+00
	0.000000000000000e+00
	3.300000000000000e+00
	0.000000000000000e+00
	1.823762641799068e-04

 97	5.754192620675783e-08
	0.000000000000000e+00
	0.000000000000000e+00
	3.300000000000000e+00
	0.000000000000000e+00
	-1.746814583352373e-04

 98	5.854192620675783e-08
	0.000000000000000e+00
	0.000000000000000e+00
	3.300000000000000e+00
	0.000000000000000e+00
	1.676352594654970e-04

 99	5.900000000000001e-08
	0.000000000000000e+00
	0.000000000000000e+00
	3.300000000000000e+00
	1.091878408569997e-14
	-1.516918234792212e-04

 100	5.910000000000001e-08
	0.000000000000000e+00
	0.000000000000000e+00
	3.300000000000000e+00
	3.300000000000139e-01
	2.667092416355279e-04

 101	5.930000000000001e-08
	0.000000000000000e+00
	0.000000000000000e+00
	3.300000000000000e+00
	9.900000000000199e-01
	-3.316999585001243e-04

 102	5.957397871361999e-08
	0.000000000000000e+00
	0.000000000000000e+00
	3.300000000000000e+00
	1.894129754945965e+00
	-5.594330143418522e-04

 103	5.984071458162504e-08
	0.000000000000000e+00
	0.000000000000000e+00
	3.300000000000000e+00
	2.774358119362628e+00
	9.836802553714469e-04

 104	6.000000000000001e-08
	0.000000000000000e+00
	0.000000000000000e+00
	3.300000000000000e+00
	3.300000000000000e+00
	2.934046322665071e-04

 105	6.002928061762224e-08
	0.000000000000000e+00
	0.000000000000000e+00
	3.300000000000000e+00
	3.300000000000000e+00
	-5.128660117355993e-04

 106	6.008784185286671e-08
	0.000000000000000e+00
	0.000000000000000e+00
	3.300000000000000e+00
	3.300000000000000e+00
	-7.280589908687657e-04

 107	6.020496432335565e-08
	0.000000000000000e+00
	0.000000000000000e+00
	3.300000000000000e+00
	3.300000000000000e+00
	2.682375951741228e-04

 108	6.043920926433354e-08
	0.000000000000000e+00
	0.000000000000000e+00
	3.300000000000000e+00
	3.300000000000000e+00
	-1.065409460315053e-04

 109	6.081777888298968e-08
	0.000000000000000e+00
	0.000000000000000e+00
	3.300000000000000e+00
	3.300000000000000e+00
	8.439586151053058e-05

 110	6.157491812030196e-08
	0.000000000000000e+00
	0.000000000000000e+00
	3.300000000000000e+00
	3.300000000000000e+00
	-6.593099045844493e-05

 111	6.257491812030196e-08
	0.000000000000000e+00
	0.000000000000000e+00
	3.300000000000000e+00
	3.300000000000000e+00
	5.815238679807849e-05

 112	6.357491812030195e-08
	0.000000000000000e+00
	0.000000000000000e+00
	3.300000000000000e+00
	3.300000000000000e+00
	-4.926525162764206e-05

 113	6.457491812030195e-08
	0.000000000000000e+00
	0.000000000000000e+00
	3.300000000000000e+00
	3.300000000000000e+00
	4.268209491201450e-05

 114	6.557491812030194e-08
	0.000000000000000e+00
	0.000000000000000e+00
	3.300000000000000e+00
	3.300000000000000e+00
	-3.594304494063984e-05

 115	6.657491812030194e-08
	0.000000000000000e+00
	0.000000000000000e+00
	3.300000000000000e+00
	3.300000000000000e+00
	3.079980893128456e-05

 116	6.757491812030193e-08
	0.000000000000000e+00
	0.000000000000000e+00
	3.300000000000000e+00
	3.300000000000000e+00
	-2.554639603689381e-05

 117	6.857491812030193e-08
	0.000000000000000e+00
	0.000000000000000e+00
	3.300000000000000e+00
	3.300000000000000e+00
	2.157491640780371e-05

 118	6.957491812030193e-08
	0.000000000000000e+00
	0.000000000000000e+00
	3.300000000000000e+00
	3.300000000000000e+00
	-1.743666509580050e-05

 119	7.057491812030192e-08
	0.000000000000000e+00
	0.000000000000000e+00
	3.300000000000000e+00
	3.300000000000000e+00
	1.438651113822367e-05

 120	7.157491812030192e-08
	0.000000000000000e+00
	0.000000000000000e+00
	3.300000000000000e+00
	3.300000000000000e+00
	-1.110523803342540e-05

 121	7.257491812030191e-08
	0.000000000000000e+00
	0.000000000000000e+00
	3.300000000000000e+00
	3.300000000000000e+00
	8.780901310741218e-06

 122	7.357491812030191e-08
	0.000000000000000e+00
	0.000000000000000e+00
	3.300000000000000e+00
	3.300000000000000e+00
	-6.163690068162336e-06

 123	7.457491812030190e-08
	0.000000000000000e+00
	0.000000000000000e+00
	3.300000000000000e+00
	3.300000000000000e+00
	4.410619162269896e-06

 124	7.557491812030190e-08
	0.000000000000000e+00
	0.000000000000000e+00
	3.300000000000000e+00
	3.300000000000000e+00
	-2.313648259288578e-06

 125	7.657491812030190e-08
	0.000000000000000e+00
	0.000000000000000e+00
	3.300000000000000e+00
	3.300000000000000e+00
	1.011846023432281e-06

 126	7.757491812030189e-08
	0.000000000000000e+00
	0.000000000000000e+00
	3.300000000000000e+00
	3.300000000000000e+00
	6.749785744705750e-07

 127	7.857491812030189e-08
	0.000000000000000e+00
	0.000000000000000e+00
	3.300000000000000e+00
	3.300000000000000e+00
	-1.618965400395148e-06

 128	7.900000000000001e-08
	0.000000000000000e+00
	0.000000000000000e+00
	3.300000000000000e+00
	3.300000000000000e+00
	4.238301592664195e-06

 129	7.910000000000000e-08
	0.000000000000000e+00
	3.299999999999811e-01
	3.300000000000000e+00
	3.300000000000000e+00
	2.502299207344724e-04

 130	7.930000000000000e-08
	0.000000000000000e+00
	9.899999999999870e-01
	3.300000000000000e+00
	3.300000000000000e+00
	-1.135786342380679e-04

 131	7.943005870461347e-08
	0.000000000000000e+00
	1.419193725224416e+00
	3.300000000000000e+00
	3.300000000000000e+00
	1.366259923549079e-04

 132	7.957701038074836e-08
	0.000000000000000e+00
	1.904134256469565e+00
	3.300000000000000e+00
	3.300000000000000e+00
	-1.481639532201623e-04

 133	7.975479203736378e-08
	0.000000000000000e+00
	2.490813723300443e+00
	3.300000000000000e+00
	3.300000000000000e+00
	2.445605906474663e-04

 134	7.994942153636497e-08
	0.000000000000000e+00
	3.133091070004374e+00
	3.300000000000000e+00
	3.300000000000000e+00
	-2.837650694711910e-04

 135	8.000000000000000e-08
	0.000000000000000e+00
	3.300000000000000e+00
	3.300000000000000e+00
	3.300000000000000e+00
	-1.004320572927098e-04

 136	8.002857784883519e-08
	0.000000000000000e+00
	3.300000000000000e+00
	3.205693098843876e+00
	3.205693098843876e+00
	-1.162651414656324e-03

 137	8.008573354650557e-08
	0.000000000000000e+00
	3.300000000000000e+00
	3.017079296531628e+00
	3.017079296531628e+00
	-1.065476592473191e-03

 138	8.019400187387288e-08
	0.000000000000000e+00
	3.300000000000000e+00
	2.659793816219500e+00
	2.659793816219500e+00
	2.182461375103278e-04

 139	8.041053852860749e-08
	0.000000000000000e+00
	3.300000000000000e+00
	1.945222855595288e+00
	1.945222855595288e+00
	2.141855744714830e-04

 140	8.045084748108361e-08
	0.000000000000000e+00
	3.300000000000000e+00
	1.812203312424093e+00
	1.812203312424093e+00
	3.349206478564792e-04

 141	8.053146538603585e-08
	0.000000000000000e+00
	3.300000000000000e+00
	1.546164226081704e+00
	1.546164226081704e+00
	5.115139143289510e-04

 142	8.069270119594031e-08
	0.000000000000000e+00
	3.300000000000000e+00
	1.014086053396969e+00
	1.014086053396969e+00
	-6.504808585042168e-03

 143	8.085510159464639e-08
	0.000000000000000e+00
	3.300000000000000e+00
	4.781647376669116e-01
	4.781647376669116e-01
	-6.785733051855453e-05

 144	8.100000000000000e-08
	0.000000000000000e+00
	3.300000000000000e+00
	1.421085471520200e-14
	1.421085471520200e-14
	7.071690031845421e-03

 145	8.101608748326388e-08
	0.000000000000000e+00
	3.300000000000000e+00
	0.000000000000000e+00
	0.000000000000000e+00
	6.535148687392911e-03

 146	8.104826244979163e-08
	0.000000000000000e+00
	3.300000000000000e+00
	0.000000000000000e+00
	0.000000000000000e+00
	4.616554100325659e-03

 147	8.111261238284715e-08
	0.000000000000000e+00
	3.300000000000000e+00
	0.000000000000000e+00
	0.000000000000000e+00
	1.080631454744130e-03

 148	8.124131224895820e-08
	0.000000000000000e+00
	3.300000000000000e+00
	0.000000000000000e+00
	0.000000000000000e+00
	-1.281661614085661e-04

 149	8.149871198118030e-08
	0.000000000000000e+00
	3.300000000000000e+00
	0.000000000000000e+00
	0.000000000000000e+00
	7.549112074164283e-05

 150	8.201351144562448e-08
	0.000000000000000e+00
	3.300000000000000e+00
	0.000000000000000e+00
	0.000000000000000e+00
	-3.878222135501527e-05

 151	8.301351144562447e-08
	0.000000000000000e+00
	3.300000000000000e+00
	0.000000000000000e+00
	0.000000000000000e+00
	3.210725177104495e-05

 152	8.401351144562447e-08
	0.000000000000000e+00
	3.300000000000000e+00
	0.000000000000000e+00
	0.000000000000000e+00
	-2.279486772912252e-05

 153	8.501351144562447e-08
	0.000000000000000e+00
	3.300000000000000e+00
	0.000000000000000e+00
	0.000000000000000e+00
	1.689180400940918e-05

 154	8.601351144562446e-08
	0.000000000000000e+00
	3.300000000000000e+00
	0.000000000000000e+00
	0.000000000000000e+00
	-1.088977739566177e-05

 155	8.701351144562446e-08
	0.000000000000000e+00
	3.300000000000000e+00
	0.000000000000000e+00
	0.000000000000000e+00
	6.932503680700738e-06

 156	8.801351144562445e-08
	0.000000000000000e+00
	3.300000000000000e+00
	0.000000000000000e+00
	0.000000000000000e+00
	-2.951860459655953e-06

 157	8.901351144562445e-08
	0.000000000000000e+00
	3.300000000000000e+00
	0.000000000000000e+00
	0.000000000000000e+00
	4.674662416048747e-07

 158	9.001351144562444e-08
	0.000000000000000e+00
	3.300000000000000e+00
	0.000000000000000e+00
	0.000000000000000e+00
	2.218374072580215e-06

 159	9.101351144562444e-08
	0.000000000000000e+00
	3.300000000000000e+00
	0.000000000000000e+00
	0.000000000000000e+00
	-3.569164679965986e-06

 160	9.201351144562444e-08
	0.000000000000000e+00
	3.300000000000000e+00
	0.000000000000000e+00
	0.000000000000000e+00
	5.325078892389618e-06

 161	9.301351144562443e-08
	0.000000000000000e+00
	3.300000000000000e+00
	0.000000000000000e+00
	0.000000000000000e+00
	-5.941453644298100e-06

 162	9.401351144562443e-08
	0.000000000000000e+00
	3.300000000000000e+00
	0.000000000000000e+00
	0.000000000000000e+00
	7.062103188137242e-06

 163	9.501351144562442e-08
	0.000000000000000e+00
	3.300000000000000e+00
	0.000000000000000e+00
	0.000000000000000e+00
	-7.175909986740364e-06

 164	9.601351144562442e-08
	0.000000000000000e+00
	3.300000000000000e+00
	0.000000000000000e+00
	0.000000000000000e+00
	7.866838502713913e-06

 165	9.701351144562441e-08
	0.000000000000000e+00
	3.300000000000000e+00
	0.000000000000000e+00
	0.000000000000000e+00
	-7.643206818888290e-06

 166	9.801351144562441e-08
	0.000000000000000e+00
	3.300000000000000e+00
	0.000000000000000e+00
	0.000000000000000e+00
	8.048101052820708e-06

 167	9.900000000000000e-08
	0.000000000000000e+00
	3.300000000000000e+00
	0.000000000000000e+00
	0.000000000000000e+00
	-7.601995066618822e-06

 168	9.909999999999999e-08
	0.000000000000000e+00
	3.300000000000000e+00
	0.000000000000000e+00
	3.299999999999702e-01
	2.619659862666546e-04

 169	9.930000000000000e-08
	0.000000000000000e+00
	3.300000000000000e+00
	0.000000000000000e+00
	9.899999999999760e-01
	-3.342620865091156e-03

 170	9.951964704094225e-08
	0.000000000000000e+00
	3.300000000000000e+00
	0.000000000000000e+00
	1.714835235109408e+00
	4.455903621400705e-01

 171	9.971234901914507e-08
	0.000000000000000e+00
	3.300000000000000e+00
	0.000000000000000e+00
	2.350751763178723e+00
	2.271209553366052e+00

 172	9.991758954315579e-08
	0.000000000000000e+00
	3.300000000000000e+00
	0.000000000000000e+00
	3.028045492414089e+00
	3.372704564818719e+00

 173	1.000000000000000e-07
	0.000000000000000e+00
	3.300000000000000e+00
	0.000000000000000e+00
	3.299999999999975e+00
	3.272827585369796e+00

 174	1.000188716618726e-07
	0.000000000000000e+00
	3.300000000000000e+00
	0.000000000000000e+00
	3.300000000000000e+00
	3.285908607871141e+00

 175	1.000566149856179e-07
	0.000000000000000e+00
	3.300000000000000e+00
	0.000000000000000e+00
	3.300000000000000e+00
	3.299054098501360e+00

 176	1.001321016331085e-07
	0.000000000000000e+00
	3.300000000000000e+00
	0.000000000000000e+00
	3.300000000000000e+00
	3.300226047864659e+00

 177	1.002830749280896e-07
	0.000000000000000e+00
	3.300000000000000e+00
	0.000000000000000e+00
	3.300000000000000e+00
	3.299897427874182e+00

 178	1.005850215180519e-07
	0.000000000000000e+00
	3.300000000000000e+00
	0.000000000000000e+00
	3.300000000000000e+00
	3.300062788553049e+00

 179	1.011889146979764e-07
	0.000000000000000e+00
	3.300000000000000e+00
	0.000000000000000e+00
	3.300000000000000e+00
	3.299954607515983e+00

 180	1.021889146979764e-07
	0.000000000000000e+00
	3.300000000000000e+00
	0.000000000000000e+00
	3.300000000000000e+00
	3.300036028054071e+00

 181	1.031889146979764e-07
	0.000000000000000e+00
	3.300000000000000e+00
	0.000000000000000e+00
	3.300000000000000e+00
	3.299972508056263e+00

 182	1.041889146979764e-07
	0.000000000000000e+00
	3.300000000000000e+00
	0.000000000000000e+00
	3.300000000000000e+00
	3.300019403455726e+00

 183	1.051889146979764e-07
	0.000000000000000e+00
	3.300000000000000e+00
	0.000000000000000e+00
	3.300000000000000e+00
	3.299987839167799e+00

 184	1.061889146979764e-07
	0.000000000000000e+00
	3.300000000000000e+00
	0.000000000000000e+00
	3.300000000000000e+00
	3.300005249607345e+00

 185	1.071889146979764e-07
	0.000000000000000e+00
	3.300000000000000e+00
	0.000000000000000e+00
	3.300000000000000e+00
	3.300000883532589e+00

 186	1.081889146979764e-07
	0.000000000000000e+00
	3.300000000000000e+00
	0.000000000000000e+00
	3.300000000000000e+00
	3.299993248423109e+00

 187	1.091889146979764e-07
	0.000000000000000e+00
	3.300000000000000e+00
	0.000000000000000e+00
	3.300000000000000e+00
	3.300011930128524e+00

 188	1.101889146979764e-07
	0.000000000000000e+00
	3.300000000000000e+00
	0.000000000000000e+00
	3.300000000000000e+00
	3.299983095200907e+00

 189	1.111889146979764e-07
	0.000000000000000e+00
	3.300000000000000e+00
	0.000000000000000e+00
	3.300000000000000e+00
	3.300021247836182e+00

 190	1.121889146979764e-07
	0.000000000000000e+00
	3.300000000000000e+00
	0.000000000000000e+00
	3.300000000000000e+00
	3.299974550945321e+00

 191	1.131889146979764e-07
	0.000000000000000e+00
	3.300000000000000e+00
	0.000000000000000e+00
	3.300000000000000e+00
	3.300029070328293e+00

 192	1.141889146979763e-07
	0.000000000000000e+00
	3.300000000000000e+00
	0.000000000000000e+00
	3.300000000000000e+00
	3.299967396515196e+00

 193	1.151889146979763e-07
	0.000000000000000e+00
	3.300000000000000e+00
	0.000000000000000e+00
	3.300000000000000e+00
	3.300035602229022e+00

 194	1.161889146979763e-07
	0.000000000000000e+00
	3.300000000000000e+00
	0.000000000000000e+00
	3.300000000000000e+00
	3.299961440640999e+00

 195	1.171889146979763e-07
	0.000000000000000e+00
	3.300000000000000e+00
	0.000000000000000e+00
	3.300000000000000e+00
	3.300041021870626e+00

 196	1.181889146979763e-07
	0.000000000000000e+00
	3.300000000000000e+00
	0.000000000000000e+00
	3.300000000000000e+00
	3.299956517009667e+00

 197	1.190000000000000e-07
	0.000000000000000e+00
	3.300000000000000e+00
	0.000000000000000e+00
	3.300000000000000e+00
	3.300045950002183e+00

 198	1.191000000000000e-07
	0.000000000000000e+00
	3.300000000000000e+00
	3.299999999999375e-01
	3.300000000000000e+00
	3.300071589919301e+00

 199	1.193000000000000e-07
	0.000000000000000e+00
	3.300000000000000e+00
	9.899999999999434e-01
	3.300000000000000e+00
	3.299807793678640e+00

 200	1.194506755084254e-07
	0.000000000000000e+00
	3.300000000000000e+00
	1.487229177803710e+00
	3.300000000000000e+00
	3.300017402385119e+00

 201	1.196283355364067e-07
	0.000000000000000e+00
	3.300000000000000e+00
	2.073507270142123e+00
	3.300000000000000e+00
	3.303628771342934e+00

 202	1.198295796320654e-07
	0.000000000000000e+00
	3.300000000000000e+00
	2.737612785815879e+00
	3.300000000000000e+00
	1.151692907620688e+00

 203	1.199799307493459e-07
	0.000000000000000e+00
	3.300000000000000e+00
	3.233771472841487e+00
	3.300000000000000e+00
	-1.524134520387614e-01

 204	1.200000000000000e-07
	0.000000000000000e+00
	3.300000000000000e+00
	3.299999999999942e+00
	3.300000000000000e+00
	-7.069562632694487e-02

 205	1.200154060644836e-07
	0.000000000000000e+00
	3.300000000000000e+00
	3.300000000000000e+00
	3.249159987204055e+00
	-4.192264871838638e-02

 206	1.200462181934509e-07
	0.000000000000000e+00
	3.300000000000000e+00
	3.300000000000000e+00
	3.147479961611989e+00
	-1.225815259337848e-02

 207	1.201078424513855e-07
	0.000000000000000e+00
	3.300000000000000e+00
	3.300000000000000e+00
	2.944119910427857e+00
	-1.689815484497856e-03

 208	1.202310909672547e-07
	0.000000000000000e+00
	3.300000000000000e+00
	3.300000000000000e+00
	2.537399808059680e+00
	7.830921025758497e-04

 209	1.204775879989930e-07
	0.000000000000000e+00
	3.300000000000000e+00
	3.300000000000000e+00
	1.723959603323240e+00
	-3.244668286721611e-04

 210	1.207321207669835e-07
	0.000000000000000e+00
	3.300000000000000e+00
	3.300000000000000e+00
	8.840014689545885e-01
	2.124459936241813e-01

 211	1.209769556462818e-07
	0.000000000000000e+00
	3.300000000000000e+00
	3.300000000000000e+00
	7.604636727009506e-02
	2.431521583977129e+00

 212	1.210000000000000e-07
	0.000000000000000e+00
	3.300000000000000e+00
	3.300000000000000e+00
	1.016964290556643e-13
	2.808270255356957e+00

 213	1.210133706748188e-07
	0.000000000000000e+00
	3.300000000000000e+00
	3.300000000000000e+00
	0.000000000000000e+00
	2.961989094468990e+00

 214	1.210401120244565e-07
	0.000000000000000e+00
	3.300000000000000e+00
	3.300000000000000e+00
	0.000000000000000e+00
	3.170946475886243e+00

 215	1.210935947237319e-07
	0.000000000000000e+00
	3.300000000000000e+00
	3.300000000000000e+00
	0.000000000000000e+00
	3.288477629043640e+00

 216	1.212005601222827e-07
	0.000000000000000e+00
	3.300000000000000e+00
	3.300000000000000e+00
	0.000000000000000e+00
	3.296941017217554e+00

 217	1.213224337525988e-07
	0.000000000000000e+00
	3.300000000000000e+00
	3.300000000000000e+00
	0.000000000000000e+00
	3.298099145441745e+00

 218	1.215661810132309e-07
	0.000000000000000e+00
	3.300000000000000e+00
	3.300000000000000e+00
	0.000000000000000e+00
	3.298645213600876e+00

 219	1.220536755344951e-07
	0.000000000000000e+00
	3.300000000000000e+00
	3.300000000000000e+00
	0.000000000000000e+00
	3.299635019027710e+00

 220	1.230286645770235e-07
	0.000000000000000e+00
	3.300000000000000e+00
	3.300000000000000e+00
	0.000000000000000e+00
	3.299510065509335e+00

 221	1.240286645770235e-07
	0.000000000000000e+00
	3.300000000000000e+00
	3.300000000000000e+00
	0.000000000000000e+00
	3.300013699252460e+00

 222	1.250286645770235e-07
	0.000000000000000e+00
	3.300000000000000e+00
	3.300000000000000e+00
	0.000000000000000e+00
	3.299667929452633e+00

 223	1.260286645770235e-07
	0.000000000000000e+00
	3.300000000000000e+00
	3.300000000000000e+00
	0.000000000000000e+00
	3.300072539922762e+00

 224	1.270286645770235e-07
	0.000000000000000e+00
	3.300000000000000e+00
	3.300000000000000e+00
	0.000000000000000e+00
	3.299731828317432e+00

 225	1.280286645770235e-07
	0.000000000000000e+00
	3.300000000000000e+00
	3.300000000000000e+00
	0.000000000000000e+00
	3.300088091039865e+00

 226	1.290286645770235e-07
	0.000000000000000e+00
	3.300000000000000e+00
	3.300000000000000e+00
	0.000000000000000e+00
	3.299771628640746e+00

 227	1.300286645770235e-07
	0.000000000000000e+00
	3.300000000000000e+00
	3.300000000000000e+00
	0.000000000000000e+00
	3.300089996261026e+00

 228	1.310286645770235e-07
	0.000000000000000e+00
	3.300000000000000e+00
	3.300000000000000e+00
	0.000000000000000e+00
	3.299801095008941e+00

 229	1.320286645770235e-07
	0.000000000000000e+00
	3.300000000000000e+00
	3.300000000000000e+00
	0.000000000000000e+00
	3.300086405415903e+00

 230	1.330286645770235e-07
	0.000000000000000e+00
	3.300000000000000e+00
	3.300000000000000e+00
	0.000000000000000e+00
	3.299824749000110e+00

 231	1.340286645770235e-07
	0.000000000000000e+00
	3.300000000000000e+00
	3.300000000000000e+00
	0.000000000000000e+00
	3.300080472098346e+00

 232	1.350286645770235e-07
	0.000000000000000e+00
	3.300000000000000e+00
	3.300000000000000e+00
	0.000000000000000e+00
	3.299844527317746e+00

 233	1.360286645770235e-07
	0.000000000000000e+00
	3.300000000000000e+00
	3.300000000000000e+00
	0.000000000000000e+00
	3.300073648007781e+00

 234	1.370286645770235e-07
	0.000000000000000e+00
	3.300000000000000e+00
	3.300000000000000e+00
	0.000000000000000e+00
	3.299861425855258e+00

 235	1.380286645770235e-07
	0.000000000000000e+00
	3.300000000000000e+00
	3.300000000000000e+00
	0.000000000000000e+00
	3.300066664918624e+00

 236	1.390000000000000e-07
	0.000000000000000e+00
	3.300000000000000e+00
	3.300000000000000e+00
	0.000000000000000e+00
	3.299876137246225e+00

 237	1.391000000000000e-07
	0.000000000000000e+00
	3.300000000000000e+00
	3.300000000000000e+00
	3.300000000000139e-01
	3.300072858302466e+00

 238	1.393000000000000e-07
	0.000000000000000e+00
	3.300000000000000e+00
	3.300000000000000e+00
	9.899999999999760e-01
	3.299651718540663e+00

 239	1.395648113183897e-07
	0.000000000000000e+00
	3.300000000000000e+00
	3.300000000000000e+00
	1.863877350686044e+00
	3.301873085365986e+00

 240	1.398489368134300e-07
	0.000000000000000e+00
	3.300000000000000e+00
	3.300000000000000e+00
	2.801491484318819e+00
	5.991651638635503e-01

 241	1.400000000000000e-07
	0.000000000000000e+00
	3.300000000000000e+00
	3.300000000000000e+00
	3.299999999999975e+00
	-1.690214692082458e-01

 242	1.400261863539356e-07
	0.000000000000000e+00
	3.300000000000000e+00
	3.300000000000000e+00
	3.300000000000000e+00
	-8.210452716878797e-02

 243	1.400785590618068e-07
	0.000000000000000e+00
	3.300000000000000e+00
	3.300000000000000e+00
	3.300000000000000e+00
	-3.813889652356212e-03

 244	1.401833044775491e-07
	0.000000000000000e+00
	3.300000000000000e+00
	3.300000000000000e+00
	3.300000000000000e+00
	-2.087614317932154e-03

 245	1.403927953090338e-07
	0.000000000000000e+00
	3.300000000000000e+00
	3.300000000000000e+00
	3.300000000000000e+00
	2.047440145267983e-03

 246	1.406420331398750e-07
	0.000000000000000e+00
	3.300000000000000e+00
	3.300000000000000e+00
	3.300000000000000e+00
	-1.848904605576115e-03

 247	1.411405088015574e-07
	0.000000000000000e+00
	3.300000000000000e+00
	3.300000000000000e+00
	3.300000000000000e+00
	1.735269850061078e-03

 248	1.421374601249222e-07
	0.000000000000000e+00
	3.300000000000000e+00
	3.300000000000000e+00
	3.300000000000000e+00
	-1.676630114433492e-03

 249	1.431374601249222e-07
	0.000000000000000e+00
	3.300000000000000e+00
	3.300000000000000e+00
	3.300000000000000e+00
	1.619840915431511e-03

 250	1.441374601249222e-07
	0.000000000000000e+00
	3.300000000000000e+00
	3.300000000000000e+00
	3.300000000000000e+00
	-1.562516719808279e-03

 251	1.451374601249222e-07
	0.000000000000000e+00
	3.300000000000000e+00
	3.300000000000000e+00
	3.300000000000000e+00
	1.507399026078248e-03

 252	1.461374601249222e-07
	0.000000000000000e+00
	3.300000000000000e+00
	3.300000000000000e+00
	3.300000000000000e+00
	-1.452353410806772e-03

 253	1.471374601249222e-07
	0.000000000000000e+00
	3.300000000000000e+00
	3.300000000000000e+00
	3.300000000000000e+00
	1.399810595223872e-03

 254	1.481374601249222e-07
	0.000000000000000e+00
	3.300000000000000e+00
	3.300000000000000e+00
	3.300000000000000e+00
	-1.347715441904264e-03

 255	1.491374601249222e-07
	0.000000000000000e+00
	3.300000000000000e+00
	3.300000000000000e+00
	3.300000000000000e+00
	1.298258268732276e-03

 256	1.501374601249222e-07
	0.000000000000000e+00
	3.300000000000000e+00
	3.300000000000000e+00
	3.300000000000000e+00
	-1.249463959304331e-03

 257	1.511374601249222e-07
	0.000000000000000e+00
	3.300000000000000e+00
	3.300000000000000e+00
	3.300000000000000e+00
	1.203335174655339e-03

 258	1.521374601249221e-07
	0.000000000000000e+00
	3.300000000000000e+00
	3.300000000000000e+00
	3.300000000000000e+00
	-1.157974609404153e-03

 259	1.531374601249221e-07
	0.000000000000000e+00
	3.300000000000000e+00
	3.300000000000000e+00
	3.300000000000000e+00
	1.115237046386823e-03

 260	1.541374601249221e-07
	0.000000000000000e+00
	3.300000000000000e+00
	3.300000000000000e+00
	3.300000000000000e+00
	-1.073299020784825e-03

 261	1.551374601249221e-07
	0.000000000000000e+00
	3.300000000000000e+00
	3.300000000000000e+00
	3.300000000000000e+00
	1.033897641212060e-03

 262	1.561374601249221e-07
	0.000000000000000e+00
	3.300000000000000e+00
	3.300000000000000e+00
	3.300000000000000e+00
	-9.952783367633659e-04

 263	1.571374601249221e-07
	0.000000000000000e+00
	3.300000000000000e+00
	3.300000000000000e+00
	3.300000000000000e+00
	9.590836570800530e-04

 264	1.581374601249221e-07
	0.000000000000000e+00
	3.300000000000000e+00
	3.300000000000000e+00
	3.300000000000000e+00
	-9.236225243501907e-04

 265	1.590000000000000e-07
	0.000000000000000e+00
	3.300000000000000e+00
	3.300000000000000e+00
	3.300000000000000e+00
	8.852623923350043e-04

 266	1.591000000000000e-07
	3.300000000000248e-01
	3.300000000000000e+00
	3.300000000000000e+00
	3.300000000000000e+00
	4.785434471924754e-04

 267	1.593000000000000e-07
	9.899999999999870e-01
	3.300000000000000e+00
	3.300000000000000e+00
	3.300000000000000e+00
	-9.645703813417457e-03

 268	1.593347893850301e-07
	1.104804970599288e+00
	3.300000000000000e+00
	3.300000000000000e+00
	3.300000000000000e+00
	-1.905023339401624e-02

 269	1.594043681550903e-07
	1.334414911797978e+00
	3.300000000000000e+00
	3.300000000000000e+00
	3.300000000000000e+00
	-6.729226449774597e-03

 270	1.595241834594346e-07
	1.729805416134274e+00
	3.300000000000000e+00
	3.300000000000000e+00
	3.300000000000000e+00
	4.833288804732901e-01

 271	1.596499382850228e-07
	2.144796340575363e+00
	3.300000000000000e+00
	3.300000000000000e+00
	3.300000000000000e+00
	2.438131435567162e+00

 272	1.597641272441115e-07
	2.521619905567986e+00
	3.300000000000000e+00
	3.300000000000000e+00
	3.300000000000000e+00
	3.423495843306156e+00

 273	1.598839550613440e-07
	2.917051702435279e+00
	3.300000000000000e+00
	3.300000000000000e+00
	3.300000000000000e+00
	3.236898829342784e+00

 274	1.600000000000000e-07
	3.300000000000000e+00
	3.300000000000000e+00
	3.300000000000000e+00
	3.300000000000000e+00
	3.330914199829732e+00

 275	1.600149634632169e-07
	3.300000000000000e+00
	3.250620571384242e+00
	3.250620571384242e+00
	3.250620571384242e+00
	3.315997580827079e+00

 276	1.600448903896507e-07
	3.300000000000000e+00
	3.151861714152812e+00
	3.151861714152812e+00
	3.151861714152812e+00
	3.300162206586001e+00

 277	1.601047442425182e-07
	3.300000000000000e+00
	2.954343999689865e+00
	2.954343999689865e+00
	2.954343999689865e+00
	3.299556820559441e+00

 278	1.602244519482533e-07
	3.300000000000000e+00
	2.559308570764058e+00
	2.559308570764058e+00
	2.559308570764058e+00
	3.301306430475334e+00

 279	1.604638673597235e-07
	3.300000000000000e+00
	1.769237712912445e+00
	1.769237712912445e+00
	1.769237712912445e+00
	3.307437418114338e+00

 280	1.606878004500957e-07
	3.300000000000000e+00
	1.030258514684340e+00
	1.030258514684340e+00
	1.030258514684340e+00
	5.936524686843109e-01

 281	1.608654729932544e-07
	3.300000000000000e+00
	4.439391222603546e-01
	4.439391222603546e-01
	4.439391222603546e-01
	-2.429911571792066e-01

 282	1.610000000000000e-07
	3.300000000000000e+00
	1.421085471520200e-14
	1.421085471520200e-14
	1.421085471520200e-14
	1.180431788468048e-01

 283	1.610173784693671e-07
	3.300000000000000e+00
	0.000000000000000e+00
	0.000000000000000e+00
	0.000000000000000e+00
	6.435688105163399e-02

 284	1.610521354081013e-07
	3.300000000000000e+00
	0.000000000000000e+00
	0.000000000000000e+00
	0.000000000000000e+00
	1.328421532860100e-02

 285	1.611216492855697e-07
	3.300000000000000e+00
	0.000000000000000e+00
	0.000000000000000e+00
	0.000000000000000e+00
	1.343611286156399e-03

 286	1.612606770405064e-07
	3.300000000000000e+00
	0.000000000000000e+00
	0.000000000000000e+00
	0.000000000000000e+00
	-1.212357421538371e-03

 287	1.614831699307030e-07
	3.300000000000000e+00
	0.000000000000000e+00
	0.000000000000000e+00
	0.000000000000000e+00
	1.220375091944732e-03

 288	1.619281557110963e-07
	3.300000000000000e+00
	0.000000000000000e+00
	0.000000000000000e+00
	0.000000000000000e+00
	-1.214606143624935e-03

 289	1.628181272718829e-07
	3.300000000000000e+00
	0.000000000000000e+00
	0.000000000000000e+00
	0.000000000000000e+00
	1.210654815271167e-03

 290	1.638181272718829e-07
	3.300000000000000e+00
	0.000000000000000e+00
	0.000000000000000e+00
	0.000000000000000e+00
	-1.205548184723074e-03

 291	1.648181272718829e-07
	3.300000000000000e+00
	0.000000000000000e+00
	0.000000000000000e+00
	0.000000000000000e+00
	1.200341397834820e-03

 292	1.658181272718829e-07
	3.300000000000000e+00
	0.000000000000000e+00
	0.000000000000000e+00
	0.000000000000000e+00
	-1.193708547260867e-03

 293	1.668181272718829e-07
	3.300000000000000e+00
	0.000000000000000e+00
	0.000000000000000e+00
	0.000000000000000e+00
	1.187106260289434e-03

 294	1.678181272718829e-07
	3.300000000000000e+00
	0.000000000000000e+00
	0.000000000000000e+00
	0.000000000000000e+00
	-1.179204440927869e-03

 295	1.688181272718829e-07
	3.300000000000000e+00
	0.000000000000000e+00
	0.000000000000000e+00
	0.000000000000000e+00
	1.171455765871581e-03

 296	1.698181272718829e-07
	3.300000000000000e+00
	0.000000000000000e+00
	0.000000000000000e+00
	0.000000000000000e+00
	-1.162527705922692e-03

 297	1.708181272718829e-07
	3.300000000000000e+00
	0.000000000000000e+00
	0.000000000000000e+00
	0.000000000000000e+00
	1.153864459595370e-03

 298	1.718181272718829e-07
	3.300000000000000e+00
	0.000000000000000e+00
	0.000000000000000e+00
	0.000000000000000e+00
	-1.144131103548706e-03

 299	1.728181272718829e-07
	3.300000000000000e+00
	0.000000000000000e+00
	0.000000000000000e+00
	0.000000000000000e+00
	1.134760854531812e-03

 300	1.738181272718829e-07
	3.300000000000000e+00
	0.000000000000000e+00
	0.000000000000000e+00
	0.000000000000000e+00
	-1.124416971796880e-03

 301	1.748181272718829e-07
	3.300000000000000e+00
	0.000000000000000e+00
	0.000000000000000e+00
	0.000000000000000e+00
	1.114520664035263e-03

 302	1.758181272718829e-07
	3.300000000000000e+00
	0.000000000000000e+00
	0.000000000000000e+00
	0.000000000000000e+00
	-1.103733986518158e-03

 303	1.768181272718829e-07
	3.300000000000000e+00
	0.000000000000000e+00
	0.000000000000000e+00
	0.000000000000000e+00
	1.093466043483650e-03

 304	1.778181272718829e-07
	3.300000000000000e+00
	0.000000000000000e+00
	0.000000000000000e+00
	0.000000000000000e+00
	-1.082378306767343e-03

 305	1.788181272718828e-07
	3.300000000000000e+00
	0.000000000000000e+00
	0.000000000000000e+00
	0.000000000000000e+00
	1.071868213996048e-03

 306	1.790000000000000e-07
	3.300000000000000e+00
	0.000000000000000e+00
	0.000000000000000e+00
	0.000000000000000e+00
	-1.009703878701924e-03

 307	1.790814694781940e-07
	3.300000000000000e+00
	0.000000000000000e+00
	0.000000000000000e+00
	2.688492780402065e-01
	3.172596597154839e-04

 308	1.792444084345820e-07
	3.300000000000000e+00
	0.000000000000000e+00
	0.000000000000000e+00
	8.065478341207288e-01
	-5.478649855504697e-04

 309	1.794994683150746e-07
	3.300000000000000e+00
	0.000000000000000e+00
	0.000000000000000e+00
	1.648245439746227e+00
	-4.063681112550371e-04

 310	1.798445846732984e-07
	3.300000000000000e+00
	0.000000000000000e+00
	0.000000000000000e+00
	2.787129421884867e+00
	9.742616458754960e-05

 311	1.800000000000000e-07
	3.300000000000000e+00
	0.000000000000000e+00
	0.000000000000000e+00
	3.299999999999975e+00
	1.765709823981026e-03

 312	1.800430267130471e-07
	3.300000000000000e+00
	0.000000000000000e+00
	0.000000000000000e+00
	3.300000000000000e+00
	3.808872765502097e-04

 313	1.801290801391412e-07
	3.300000000000000e+00
	0.000000000000000e+00
	0.000000000000000e+00
	3.300000000000000e+00
	-4.478716763252899e-04

 314	1.803011869913296e-07
	3.300000000000000e+00
	0.000000000000000e+00
	0.000000000000000e+00
	3.300000000000000e+00
	4.078280686946531e-04

 315	1.806454006957062e-07
	3.300000000000000e+00
	0.000000000000000e+00
	0.000000000000000e+00
	3.300000000000000e+00
	-2.928493681093533e-04

 316	1.811615966838119e-07
	3.300000000000000e+00
	0.000000000000000e+00
	0.000000000000000e+00
	3.300000000000000e+00
	2.383465151606715e-04

 317	1.821615966838118e-07
	3.300000000000000e+00
	0.000000000000000e+00
	0.000000000000000e+00
	3.300000000000000e+00
	-2.097330636813954e-04

 318	1.831615966838118e-07
	3.300000000000000e+00
	0.000000000000000e+00
	0.000000000000000e+00
	3.300000000000000e+00
	1.848664591609754e-04

 319	1.841615966838118e-07
	3.300000000000000e+00
	0.000000000000000e+00
	0.000000000000000e+00
	3.300000000000000e+00
	-1.607695933990311e-04

 320	1.851615966838118e-07
	3.300000000000000e+00
	0.000000000000000e+00
	0.000000000000000e+00
	3.300000000000000e+00
	1.393464825290482e-04

 321	1.861615966838118e-07
	3.300000000000000e+00
	0.000000000000000e+00
	0.000000000000000e+00
	3.300000000000000e+00
	-1.189040832348474e-04

 322	1.871615966838118e-07
	3.300000000000000e+00
	0.000000000000000e+00
	0.000000000000000e+00
	3.300000000000000e+00
	1.008385744927058e-04

 323	1.881615966838118e-07
	3.300000000000000e+00
	0.000000000000000e+00
	0.000000000000000e+00
	3.300000000000000e+00
	-8.368704715708795e-05

 324	1.891615966838118e-07
	3.300000000000000e+00
	0.000000000000000e+00
	0.000000000000000e+00
	3.300000000000000e+00
	6.868425592434016e-05

 325	1.901615966838118e-07
	3.300000000000000e+00
	0.000000000000000e+00
	0.000000000000000e+00
	3.300000000000000e+00
	-5.446571023581814e-05

 326	1.911615966838118e-07
	3.300000000000000e+00
	0.000000000000000e+00
	0.000000000000000e+00
	3.300000000000000e+00
	4.217368808095111e-05

 327	1.921615966838118e-07
	3.300000000000000e+00
	0.000000000000000e+00
	0.000000000000000e+00
	3.300000000000000e+00
	-3.052516686155755e-05

 328	1.931615966838118e-07
	3.300000000000000e+00
	0.000000000000000e+00
	0.000000000000000e+00
	3.300000000000000e+00
	2.059892484138764e-05

 329	1.941615966838118e-07
	3.300000000000000e+00
	0.000000000000000e+00
	0.000000000000000e+00
	3.300000000000000e+00
	-1.117391686468634e-05

 330	1.951615966838118e-07
	3.300000000000000e+00
	0.000000000000000e+00
	0.000000000000000e+00
	3.300000000000000e+00
	3.290149264612366e-06

 331	1.961615966838118e-07
	3.300000000000000e+00
	0.000000000000000e+00
	0.000000000000000e+00
	3.300000000000000e+00
	4.238191083505080e-06

 332	1.971615966838118e-07
	3.300000000000000e+00
	0.000000000000000e+00
	0.000000000000000e+00
	3.300000000000000e+00
	-1.038519589171942e-05

 333	1.981615966838118e-07
	3.300000000000000e+00
	0.000000000000000e+00
	0.000000000000000e+00
	3.300000000000000e+00
	1.631466651979933e-05

 334	1.990000000000000e-07
	3.300000000000000e+00
	0.000000000000000e+00
	0.000000000000000e+00
	3.300000000000000e+00
	-2.188023053534272e-05

 335	1.991000000000000e-07
	3.300000000000000e+00
	0.000000000000000e+00
	3.299999999999811e-01
	3.300000000000000e+00
	2.863849192585796e-04

 336	1.991250000000000e-07
	3.300000000000000e+00
	0.000000000000000e+00
	4.124999999999873e-01
	3.300000000000000e+00
	2.354867829840457e-04

 337	1.991750000000000e-07
	3.300000000000000e+00
	0.000000000000000e+00
	5.774999999999997e-01
	3.300000000000000e+00
	7.911461519645446e-05

 338	1.992750000000000e-07
	3.300000000000000e+00
	0.000000000000000e+00
	9.075000000000246e-01
	3.300000000000000e+00
	-9.496965780441485e-03

 339	1.994750000000000e-07
	3.300000000000000e+00
	0.000000000000000e+00
	1.567499999999987e+00
	3.300000000000000e+00
	1.191329565914122e-01

 340	1.996842824516494e-07
	3.300000000000000e+00
	0.000000000000000e+00
	2.258132090443067e+00
	3.300000000000000e+00
	2.457022247921536e+00

 341	1.998464005615403e-07
	3.300000000000000e+00
	0.000000000000000e+00
	2.793121853082801e+00
	3.300000000000000e+00
	3.474122424042262e+00

 342	2.000000000000000e-07
	3.300000000000000e+00
	0.000000000000000e+00
	3.299999999999942e+00
	3.300000000000000e+00
	3.203432565245724e+00

 343	2.000173534600817e-07
	3.300000000000000e+00
	0.000000000000000e+00
	3.300000000000000e+00
	3.242733581730485e+00
	3.246078647691355e+00

 344	2.000520603802450e-07
	3.300000000000000e+00
	0.000000000000000e+00
	3.300000000000000e+00
	3.128200745191544e+00
	3.293147142679045e+00

 345	2.001214742205716e-07
	3.300000000000000e+00
	0.000000000000000e+00
	3.300000000000000e+00
	2.899135072113572e+00
	3.301202053777132e+00

 346	2.002603019012250e-07
	3.300000000000000e+00
	0.000000000000000e+00
	3.300000000000000e+00
	2.441003725957629e+00
	3.300377384133806e+00

 347	2.005262597694073e-07
	3.300000000000000e+00
	0.000000000000000e+00
	3.300000000000000e+00
	1.563342760955817e+00
	3.304431117456935e+00

 348	2.007942076754785e-07
	3.300000000000000e+00
	0.000000000000000e+00
	3.300000000000000e+00
	6.791146709210243e-01
	6.268963661007552e-01

 349	2.010000000000000e-07
	3.300000000000000e+00
	0.000000000000000e+00
	3.300000000000000e+00
	1.421085471520200e-14
	-2.263298276516819e-01

 350	2.010244274208716e-07
	3.300000000000000e+00
	0.000000000000000e+00
	3.300000000000000e+00
	0.000000000000000e+00
	-1.118402889309812e-01

 351	2.010732822626149e-07
	3.300000000000000e+00
	0.000000000000000e+00
	3.300000000000000e+00
	0.000000000000000e+00
	-8.429921832142917e-03

 352	2.011709919461015e-07
	3.300000000000000e+00
	0.000000000000000e+00
	3.300000000000000e+00
	0.000000000000000e+00
	-2.865199709614213e-03

 353	2.013539182688922e-07
	3.300000000000000e+00
	0.000000000000000e+00
	3.300000000000000e+00
	0.000000000000000e+00
	2.795348832167123e-03

 354	2.015603042772860e-07
	3.300000000000000e+00
	0.000000000000000e+00
	3.300000000000000e+00
	0.000000000000000e+00
	-2.398451310813253e-03

 355	2.019730762940737e-07
	3.300000000000000e+00
	0.000000000000000e+00
	3.300000000000000e+00
	0.000000000000000e+00
	2.214587200382180e-03

 356	2.027986203276489e-07
	3.300000000000000e+00
	0.000000000000000e+00
	3.300000000000000e+00
	0.000000000000000e+00
	-2.118815511132082e-03

 357	2.037986203276489e-07
	3.300000000000000e+00
	0.000000000000000e+00
	3.300000000000000e+00
	0.000000000000000e+00
	2.046254097652911e-03

 358	2.047986203276489e-07
	3.300000000000000e+00
	0.000000000000000e+00
	3.300000000000000e+00
	0.000000000000000e+00
	-1.973946215772106e-03

 359	2.057986203276489e-07
	3.300000000000000e+00
	0.000000000000000e+00
	3.300000000000000e+00
	0.000000000000000e+00
	1.905923747790299e-03

 360	2.067986203276489e-07
	3.300000000000000e+00
	0.000000000000000e+00
	3.300000000000000e+00
	0.000000000000000e+00
	-1.839226180640084e-03

 361	2.077986203276489e-07
	3.300000000000000e+00
	0.000000000000000e+00
	3.300000000000000e+00
	0.000000000000000e+00
	1.776446731768768e-03

 362	2.087986203276488e-07
	3.300000000000000e+00
	0.000000000000000e+00
	3.300000000000000e+00
	0.000000000000000e+00
	-1.715263666486926e-03

 363	2.097986203276488e-07
	3.300000000000000e+00
	0.000000000000000e+00
	3.300000000000000e+00
	0.000000000000000e+00
	1.657762837062730e-03

 364	2.107986203276488e-07
	3.300000000000000e+00
	0.000000000000000e+00
	3.300000000000000e+00
	0.000000000000000e+00
	-1.601903345192866e-03

 365	2.117986203276488e-07
	3.300000000000000e+00
	0.000000000000000e+00
	3.300000000000000e+00
	0.000000000000000e+00
	1.549479964807712e-03

 366	2.127986203276488e-07
	3.300000000000000e+00
	0.000000000000000e+00
	3.300000000000000e+00
	0.000000000000000e+00
	-1.498673798270546e-03

 367	2.137986203276488e-07
	3.300000000000000e+00
	0.000000000000000e+00
	3.300000000000000e+00
	0.000000000000000e+00
	1.451025668686767e-03

 368	2.147986203276488e-07
	3.300000000000000e+00
	0.000000000000000e+00
	3.300000000000000e+00
	0.000000000000000e+00
	-1.404886076089976e-03

 369	2.157986203276488e-07
	3.300000000000000e+00
	0.000000000000000e+00
	3.300000000000000e+00
	0.000000000000000e+00
	1.361671193635748e-03

 370	2.167986203276488e-07
	3.300000000000000e+00
	0.000000000000000e+00
	3.300000000000000e+00
	0.000000000000000e+00
	-1.319814031687598e-03

 371	2.177986203276488e-07
	3.300000000000000e+00
	0.000000000000000e+00
	3.300000000000000e+00
	0.000000000000000e+00
	1.280655754377840e-03

 372	2.187986203276488e-07
	3.300000000000000e+00
	0.000000000000000e+00
	3.300000000000000e+00
	0.000000000000000e+00
	-1.242693463554054e-03

 373	2.190000000000000e-07
	3.300000000000000e+00
	0.000000000000000e+00
	3.300000000000000e+00
	0.000000000000000e+00
	1.081515681105552e-03

 374	2.191000000000000e-07
	3.300000000000000e+00
	0.000000000000000e+00
	3.300000000000000e+00
	3.300000000000139e-01
	5.278353622822224e-04

 375	2.193000000000000e-07
	3.300000000000000e+00
	0.000000000000000e+00
	3.300000000000000e+00
	9.899999999999760e-01
	-1.093609005522330e-02

 376	2.193500000000000e-07
	3.300000000000000e+00
	0.000000000000000e+00
	3.300000000000000e+00
	1.154999999999989e+00
	-1.410314181742016e-02

 377	2.194500000000000e-07
	3.300000000000000e+00
	0.000000000000000e+00
	3.300000000000000e+00
	1.485000000000013e+00
	3.422411154211144e-03

 378	2.195896952007772e-07
	3.300000000000000e+00
	0.000000000000000e+00
	3.300000000000000e+00
	1.945994162564777e+00
	5.720866877169918e-01

 379	2.197192169115107e-07
	3.300000000000000e+00
	0.000000000000000e+00
	3.300000000000000e+00
	2.373415807985280e+00
	2.528505679086128e+00

 380	2.198375341939787e-07
	3.300000000000000e+00
	0.000000000000000e+00
	3.300000000000000e+00
	2.763862840129782e+00
	3.438403415144222e+00

 381	2.199647584440326e-07
	3.300000000000000e+00
	0.000000000000000e+00
	3.300000000000000e+00
	3.183702865307730e+00
	3.229791364393771e+00

 382	2.200000000000000e-07
	3.300000000000000e+00
	0.000000000000000e+00
	3.300000000000000e+00
	3.299999999999975e+00
	3.294382561751239e+00

 383	2.200248336581640e-07
	3.300000000000000e+00
	0.000000000000000e+00
	3.300000000000000e+00
	3.300000000000000e+00
	3.296800063958325e+00

 384	2.200745009744919e-07
	3.300000000000000e+00
	0.000000000000000e+00
	3.300000000000000e+00
	3.300000000000000e+00
	3.299762934764751e+00

 385	2.201738356071478e-07
	3.300000000000000e+00
	0.000000000000000e+00
	3.300000000000000e+00
	3.300000000000000e+00
	3.300118322648049e+00

 386	2.203725048724595e-07
	3.300000000000000e+00
	0.000000000000000e+00
	3.300000000000000e+00
	3.300000000000000e+00
	3.299908374412128e+00

 387	2.207698434030830e-07
	3.300000000000000e+00
	0.000000000000000e+00
	3.300000000000000e+00
	3.300000000000000e+00
	3.300080932707328e+00

 388	2.215645204643300e-07
	3.300000000000000e+00
	0.000000000000000e+00
	3.300000000000000e+00
	3.300000000000000e+00
	3.299923662633499e+00

 389	2.225645204643300e-07
	3.300000000000000e+00
	0.000000000000000e+00
	3.300000000000000e+00
	3.300000000000000e+00
	3.300072688826702e+00

 390	2.235645204643300e-07
	3.300000000000000e+00
	0.000000000000000e+00
	3.300000000000000e+00
	3.300000000000000e+00
	3.299930524316589e+00

 391	2.245645204643300e-07
	3.300000000000000e+00
	0.000000000000000e+00
	3.300000000000000e+00
	3.300000000000000e+00
	3.300066188120196e+00

 392	2.255645204643300e-07
	3.300000000000000e+00
	0.000000000000000e+00
	3.300000000000000e+00
	3.300000000000000e+00
	3.299936686617748e+00

 393	2.265645204643300e-07
	3.300000000000000e+00
	0.000000000000000e+00
	3.300000000000000e+00
	3.300000000000000e+00
	3.300060343097825e+00

 394	2.275645204643300e-07
	3.300000000000000e+00
	0.000000000000000e+00
	3.300000000000000e+00
	3.300000000000000e+00
	3.299942233298041e+00

 395	2.285645204643300e-07
	3.300000000000000e+00
	0.000000000000000e+00
	3.300000000000000e+00
	3.300000000000000e+00
	3.300055077398257e+00

 396	2.295645204643299e-07
	3.300000000000000e+00
	0.000000000000000e+00
	3.300000000000000e+00
	3.300000000000000e+00
	3.299947234050582e+00

 397	2.305645204643299e-07
	3.300000000000000e+00
	0.000000000000000e+00
	3.300000000000000e+00
	3.300000000000000e+00
	3.300050327068115e+00

 398	2.315645204643299e-07
	3.300000000000000e+00
	0.000000000000000e+00
	3.300000000000000e+00
	3.300000000000000e+00
	3.299951747681215e+00

 399	2.325645204643299e-07
	3.300000000000000e+00
	0.000000000000000e+00
	3.300000000000000e+00
	3.300000000000000e+00
	3.300046037785394e+00

 400	2.335645204643299e-07
	3.300000000000000e+00
	0.000000000000000e+00
	3.300000000000000e+00
	3.300000000000000e+00
	3.299955824496993e+00

 401	2.345645204643299e-07
	3.300000000000000e+00
	0.000000000000000e+00
	3.300000000000000e+00
	3.300000000000000e+00
	3.300042162795534e+00

 402	2.355645204643299e-07
	3.300000000000000e+00
	0.000000000000000e+00
	3.300000000000000e+00
	3.300000000000000e+00
	3.299959508065847e+00

 403	2.365645204643299e-07
	3.300000000000000e+00
	0.000000000000000e+00
	3.300000000000000e+00
	3.300000000000000e+00
	3.300038661359185e+00

 404	2.375645204643299e-07
	3.300000000000000e+00
	0.000000000000000e+00
	3.300000000000000e+00
	3.300000000000000e+00
	3.299962836559104e+00

 405	2.385645204643299e-07
	3.300000000000000e+00
	0.000000000000000e+00
	3.300000000000000e+00
	3.300000000000000e+00
	3.300035497612503e+00

 406	2.390000000000000e-07
	3.300000000000000e+00
	0.000000000000000e+00
	3.300000000000000e+00
	3.300000000000000e+00
	3.299967632295965e+00

 407	2.391000000000000e-07
	3.300000000000000e+00
	3.300000000000248e-01
	3.300000000000000e+00
	3.300000000000000e+00
	3.300160100094448e+00

 408	2.393000000000000e-07
	3.300000000000000e+00
	9.900000000000745e-01
	3.300000000000000e+00
	3.300000000000000e+00
	3.299908357617664e+00

 409	2.394454971290419e-07
	3.300000000000000e+00
	1.470140525838360e+00
	3.300000000000000e+00
	3.300000000000000e+00
	3.300153548151579e+00

 410	2.396103027049659e-07
	3.300000000000000e+00
	2.013998926387542e+00
	3.300000000000000e+00
	3.300000000000000e+00
	3.299802971540192e+00

 411	2.398281887926367e-07
	3.300000000000000e+00
	2.733023015701228e+00
	3.300000000000000e+00
	3.300000000000000e+00
	3.300323693440934e+00

 412	2.400000000000000e-07
	3.300000000000000e+00
	3.299999999999899e+00
	3.300000000000000e+00
	3.300000000000000e+00
	3.299525709059314e+00

 413	2.400234760686060e-07
	3.300000000000000e+00
	3.300000000000000e+00
	3.222528973600391e+00
	3.222528973600391e+00
	3.298812938137603e+00

 414	2.400704282058180e-07
	3.300000000000000e+00
	3.300000000000000e+00
	3.067586920800823e+00
	3.067586920800823e+00
	3.299159152215200e+00

 415	2.401643324802419e-07
	3.300000000000000e+00
	3.300000000000000e+00
	2.757702815201861e+00
	2.757702815201861e+00
	3.300539552890699e+00

 416	2.403521410290898e-07
	3.300000000000000e+00
	3.300000000000000e+00
	2.137934604003763e+00
	2.137934604003763e+00
	3.303988017905190e+00

 417	2.405506912511128e-07
	3.300000000000000e+00
	3.300000000000000e+00
	1.482718871327857e+00
	1.482718871327857e+00
	2.631421101303151e+00

 418	2.407201840695109e-07
	3.300000000000000e+00
	3.300000000000000e+00
	9.233925706141610e-01
	9.233925706141610e-01
	1.351488708812120e+00

 419	2.408811009581229e-07
	3.300000000000000e+00
	3.300000000000000e+00
	3.923668381945444e-01
	3.923668381945444e-01
	2.787127409826980e+00

 420	2.410000000000000e-07
	3.300000000000000e+00
	3.300000000000000e+00
	1.016964290556643e-13
	1.016964290556643e-13
	3.519575872103182e+00

 421	2.410173501408328e-07
	3.300000000000000e+00
	3.300000000000000e+00
	0.000000000000000e+00
	0.000000000000000e+00
	3.419313818147255e+00

 422	2.410520504224985e-07
	3.300000000000000e+00
	3.300000000000000e+00
	0.000000000000000e+00
	0.000000000000000e+00
	3.311044047157493e+00

 423	2.411214509858298e-07
	3.300000000000000e+00
	3.300000000000000e+00
	0.000000000000000e+00
	0.000000000000000e+00
	3.298328646612853e+00

 424	2.412602521124925e-07
	3.300000000000000e+00
	3.300000000000000e+00
	0.000000000000000e+00
	0.000000000000000e+00
	3.300820566286674e+00

 425	2.414288355978421e-07
	3.300000000000000e+00
	3.300000000000000e+00
	0.000000000000000e+00
	0.000000000000000e+00
	3.299569104958335e+00

 426	2.417660025685414e-07
	3.300000000000000e+00
	3.300000000000000e+00
	0.000000000000000e+00
	0.000000000000000e+00
	3.300306298875781e+00

 427	2.424403365099399e-07
	3.300000000000000e+00
	3.300000000000000e+00
	0.000000000000000e+00
	0.000000000000000e+00
	3.299743911274751e+00

 428	2.434403365099399e-07
	3.300000000000000e+00
	3.300000000000000e+00
	0.000000000000000e+00
	0.000000000000000e+00
	3.300225651007998e+00

 429	2.444403365099399e-07
	3.300000000000000e+00
	3.300000000000000e+00
	0.000000000000000e+00
	0.000000000000000e+00
	3.299801615514722e+00

 430	2.454403365099399e-07
	3.300000000000000e+00
	3.300000000000000e+00
	0.000000000000000e+00
	0.000000000000000e+00
	3.300172956144599e+00

 431	2.464403365099400e-07
	3.300000000000000e+00
	3.300000000000000e+00
	0.000000000000000e+00
	0.000000000000000e+00
	3.299849640012444e+00

 432	2.474403365099400e-07
	3.300000000000000e+00
	3.300000000000000e+00
	0.000000000000000e+00
	0.000000000000000e+00
	3.300129153481881e+00

 433	2.484403365099400e-07
	3.300000000000000e+00
	3.300000000000000e+00
	0.000000000000000e+00
	0.000000000000000e+00
	3.299889574577381e+00

 434	2.494403365099400e-07
	3.300000000000000e+00
	3.300000000000000e+00
	0.000000000000000e+00
	0.000000000000000e+00
	3.300092741085678e+00

 435	2.504403365099401e-07
	3.300000000000000e+00
	3.300000000000000e+00
	0.000000000000000e+00
	0.000000000000000e+00
	3.299922770281029e+00

 436	2.514403365099401e-07
	3.300000000000000e+00
	3.300000000000000e+00
	0.000000000000000e+00
	0.000000000000000e+00
	3.300062481212158e+00

 437	2.524403365099401e-07
	3.300000000000000e+00
	3.300000000000000e+00
	0.000000000000000e+00
	0.000000000000000e+00
	3.299950351448079e+00

 438	2.534403365099401e-07
	3.300000000000000e+00
	3.300000000000000e+00
	0.000000000000000e+00
	0.000000000000000e+00
	3.300037347722461e+00

 439	2.544403365099401e-07
	3.300000000000000e+00
	3.300000000000000e+00
	0.000000000000000e+00
	0.000000000000000e+00
	3.299973252168082e+00

 440	2.554403365099402e-07
	3.300000000000000e+00
	3.300000000000000e+00
	0.000000000000000e+00
	0.000000000000000e+00
	3.300016488781371e+00

 441	2.564403365099402e-07
	3.300000000000000e+00
	3.300000000000000e+00
	0.000000000000000e+00
	0.000000000000000e+00
	3.299992248534109e+00

 442	2.574403365099402e-07
	3.300000000000000e+00
	3.300000000000000e+00
	0.000000000000000e+00
	0.000000000000000e+00
	3.299999198226148e+00

 443	2.584403365099402e-07
	3.300000000000000e+00
	3.300000000000000e+00
	0.000000000000000e+00
	0.000000000000000e+00
	3.300007999490000e+00

 444	2.590000000000001e-07
	3.300000000000000e+00
	3.300000000000000e+00
	0.000000000000000e+00
	1.637817612854995e-13
	3.299979959769244e+00

 445	2.591000000000001e-07
	3.300000000000000e+00
	3.300000000000000e+00
	0.000000000000000e+00
	3.300000000001886e-01
	3.300117989785262e+00

 446	2.593000000000001e-07
	3.300000000000000e+00
	3.300000000000000e+00
	0.000000000000000e+00
	9.900000000002382e-01
	3.299521499304502e+00

 447	2.595647488399627e-07
	3.300000000000000e+00
	3.300000000000000e+00
	0.000000000000000e+00
	1.863671171876817e+00
	3.304814067696844e+00

 448	2.598409954899145e-07
	3.300000000000000e+00
	3.300000000000000e+00
	0.000000000000000e+00
	2.775285116717650e+00
	4.036756151443558e-01

 449	2.600000000000001e-07
	3.300000000000000e+00
	3.300000000000000e+00
	0.000000000000000e+00
	3.300000000000000e+00
	-1.206384127483262e-01

 450	2.600261468335839e-07
	3.300000000000000e+00
	3.300000000000000e+00
	0.000000000000000e+00
	3.300000000000000e+00
	-5.571054327058934e-02

 451	2.600784405007516e-07
	3.300000000000000e+00
	3.300000000000000e+00
	0.000000000000000e+00
	3.300000000000000e+00
	-6.770550398173938e-03

 452	2.601830278350870e-07
	3.300000000000000e+00
	3.300000000000000e+00
	0.000000000000000e+00
	3.300000000000000e+00
	-1.331991915679620e-03

 453	2.603922025037578e-07
	3.300000000000000e+00
	3.300000000000000e+00
	0.000000000000000e+00
	3.300000000000000e+00
	1.725377734940227e-03

 454	2.606151676111162e-07
	3.300000000000000e+00
	3.300000000000000e+00
	0.000000000000000e+00
	3.300000000000000e+00
	-1.710732318040857e-03

 455	2.610610978258330e-07
	3.300000000000000e+00
	3.300000000000000e+00
	0.000000000000000e+00
	3.300000000000000e+00
	1.667459546325138e-03

 456	2.619529582552667e-07
	3.300000000000000e+00
	3.300000000000000e+00
	0.000000000000000e+00
	3.300000000000000e+00
	-1.636293674046255e-03

 457	2.629529582552668e-07
	3.300000000000000e+00
	3.300000000000000e+00
	0.000000000000000e+00
	3.300000000000000e+00
	1.609307611099085e-03

 458	2.639529582552668e-07
	3.300000000000000e+00
	3.300000000000000e+00
	0.000000000000000e+00
	3.300000000000000e+00
	-1.579616677766970e-03

 459	2.649529582552668e-07
	3.300000000000000e+00
	3.300000000000000e+00
	0.000000000000000e+00
	3.300000000000000e+00
	1.550575661278381e-03

 460	2.659529582552668e-07
	3.300000000000000e+00
	3.300000000000000e+00
	0.000000000000000e+00
	3.300000000000000e+00
	-1.520052302768310e-03

 461	2.669529582552669e-07
	3.300000000000000e+00
	3.300000000000000e+00
	0.000000000000000e+00
	3.300000000000000e+00
	1.490525184671554e-03

 462	2.679529582552669e-07
	3.300000000000000e+00
	3.300000000000000e+00
	0.000000000000000e+00
	3.300000000000000e+00
	-1.460158025835876e-03

 463	2.689529582552669e-07
	3.300000000000000e+00
	3.300000000000000e+00
	0.000000000000000e+00
	3.300000000000000e+00
	1.431054230513535e-03

 464	2.699529582552669e-07
	3.300000000000000e+00
	3.300000000000000e+00
	0.000000000000000e+00
	3.300000000000000e+00
	-1.401501413099278e-03

 465	2.709529582552669e-07
	3.300000000000000e+00
	3.300000000000000e+00
	0.000000000000000e+00
	3.300000000000000e+00
	1.373376137602959e-03

 466	2.719529582552670e-07
	3.300000000000000e+00
	3.300000000000000e+00
	0.000000000000000e+00
	3.300000000000000e+00
	-1.345040052400256e-03

 467	2.729529582552670e-07
	3.300000000000000e+00
	3.300000000000000e+00
	0.000000000000000e+00
	3.300000000000000e+00
	1.318216350980948e-03

 468	2.739529582552670e-07
	3.300000000000000e+00
	3.300000000000000e+00
	0.000000000000000e+00
	3.300000000000000e+00
	-1.291318985706329e-03

 469	2.749529582552670e-07
	3.300000000000000e+00
	3.300000000000000e+00
	0.000000000000000e+00
	3.300000000000000e+00
	1.265962633250258e-03

 470	2.759529582552671e-07
	3.300000000000000e+00
	3.300000000000000e+00
	0.000000000000000e+00
	3.300000000000000e+00
	-1.240602511665401e-03

 471	2.769529582552671e-07
	3.300000000000000e+00
	3.300000000000000e+00
	0.000000000000000e+00
	3.300000000000000e+00
	1.216774460350298e-03

 472	2.779529582552671e-07
	3.300000000000000e+00
	3.300000000000000e+00
	0.000000000000000e+00
	3.300000000000000e+00
	-1.192968639003318e-03

 473	2.789529582552671e-07
	3.300000000000000e+00
	3.300000000000000e+00
	0.000000000000000e+00
	3.300000000000000e+00
	1.170662623090093e-03

 474	2.790000000000000e-07
	3.300000000000000e+00
	3.300000000000000e+00
	4.367513634279986e-14
	3.300000000000000e+00
	-8.073593442880223e-04

 475	2.790548925882114e-07
	3.300000000000000e+00
	3.300000000000000e+00
	1.811455410975024e-01
	3.300000000000000e+00
	3.987467147288093e-04

 476	2.791646777646341e-07
	3.300000000000000e+00
	3.300000000000000e+00
	5.434366232922452e-01
	3.300000000000000e+00
	1.207038783130748e-04

 477	2.793742077415910e-07
	3.300000000000000e+00
	3.300000000000000e+00
	1.234885547250215e+00
	3.300000000000000e+00
	-1.812060916423065e-02

 478	2.794041500238802e-07
	3.300000000000000e+00
	3.300000000000000e+00
	1.333695078804653e+00
	3.300000000000000e+00
	-1.602553390690135e-02

 479	2.794640345884587e-07
	3.300000000000000e+00
	3.300000000000000e+00
	1.531314141913527e+00
	3.300000000000000e+00
	2.719617392051397e-02

 480	2.795838037176155e-07
	3.300000000000000e+00
	3.300000000000000e+00
	1.926552268131101e+00
	3.300000000000000e+00
	9.346949255779354e-01

 481	2.796991190545241e-07
	3.300000000000000e+00
	3.300000000000000e+00
	2.307092879929311e+00
	3.300000000000000e+00
	2.750942459542720e+00

 482	2.798248943693267e-07
	3.300000000000000e+00
	3.300000000000000e+00
	2.722151418777942e+00
	3.300000000000000e+00
	3.433248302101999e+00

 483	2.799448192830710e-07
	3.300000000000000e+00
	3.300000000000000e+00
	3.117903634134052e+00
	3.300000000000000e+00
	3.234103440764704e+00

 484	2.800000000000000e-07
	3.300000000000000e+00
	3.300000000000000e+00
	3.299999999999942e+00
	3.300000000000000e+00
	3.310280354035649e+00

 485	2.800167287359175e-07
	3.300000000000000e+00
	3.300000000000000e+00
	3.300000000000000e+00
	3.244795171472306e+00
	3.304536503701198e+00

 486	2.800501862077525e-07
	3.300000000000000e+00
	3.300000000000000e+00
	3.300000000000000e+00
	3.134385514416917e+00
	3.299199335165872e+00

 487	2.801171011514224e-07
	3.300000000000000e+00
	3.300000000000000e+00
	3.300000000000000e+00
	2.913566200306140e+00
	3.300048131041390e+00

 488	2.802509310387623e-07
	3.300000000000000e+00
	3.300000000000000e+00
	3.300000000000000e+00
	2.471927572084584e+00
	3.300933743014454e+00

 489	2.805185908134419e-07
	3.300000000000000e+00
	3.300000000000000e+00
	3.300000000000000e+00
	1.588650315641649e+00
	3.304012479572743e+00

 490	2.807882920515400e-07
	3.300000000000000e+00
	3.300000000000000e+00
	3.300000000000000e+00
	6.986362299182076e-01
	3.248619343897945e+00

 491	2.810000000000000e-07
	3.300000000000000e+00
	3.300000000000000e+00
	3.300000000000000e+00
	0.000000000000000e+00
	3.313574147202757e+00

 492	2.810244967172234e-07
	3.300000000000000e+00
	3.300000000000000e+00
	3.300000000000000e+00
	0.000000000000000e+00
	3.308596369749015e+00

 493	2.810734901516700e-07
	3.300000000000000e+00
	3.300000000000000e+00
	3.300000000000000e+00
	0.000000000000000e+00
	3.296202624533895e+00

 494	2.811714770205632e-07
	3.300000000000000e+00
	3.300000000000000e+00
	3.300000000000000e+00
	0.000000000000000e+00
	3.294716156350086e+00

 495	2.813674507583497e-07
	3.300000000000000e+00
	3.300000000000000e+00
	3.300000000000000e+00
	0.000000000000000e+00
	3.300240382762281e+00

 496	2.816476585710374e-07
	3.300000000000000e+00
	3.300000000000000e+00
	3.300000000000000e+00
	0.000000000000000e+00
	3.298022651400240e+00

 497	2.822080741964127e-07
	3.300000000000000e+00
	3.300000000000000e+00
	3.300000000000000e+00
	0.000000000000000e+00
	3.300867579997940e+00

 498	2.832080741964128e-07
	3.300000000000000e+00
	3.300000000000000e+00
	3.300000000000000e+00
	0.000000000000000e+00
	3.298657306634226e+00

 499	2.842080741964128e-07
	3.300000000000000e+00
	3.300000000000000e+00
	3.300000000000000e+00
	0.000000000000000e+00
	3.300998402608249e+00

 500	2.852080741964128e-07
	3.300000000000000e+00
	3.300000000000000e+00
	3.300000000000000e+00
	0.000000000000000e+00
	3.298827390547849e+00

 501	2.862080741964128e-07
	3.300000000000000e+00
	3.300000000000000e+00
	3.300000000000000e+00
	0.000000000000000e+00
	3.300966571554673e+00

 502	2.872080741964128e-07
	3.300000000000000e+00
	3.300000000000000e+00
	3.300000000000000e+00
	0.000000000000000e+00
	3.298933442373655e+00

 503	2.882080741964129e-07
	3.300000000000000e+00
	3.300000000000000e+00
	3.300000000000000e+00
	0.000000000000000e+00
	3.300915323401810e+00

 504	2.892080741964129e-07
	3.300000000000000e+00
	3.300000000000000e+00
	3.300000000000000e+00
	0.000000000000000e+00
	3.299017979253807e+00

 505	2.902080741964129e-07
	3.300000000000000e+00
	3.300000000000000e+00
	3.300000000000000e+00
	0.000000000000000e+00
	3.300861116214020e+00

 506	2.912080741964129e-07
	3.300000000000000e+00
	3.300000000000000e+00
	3.300000000000000e+00
	0.000000000000000e+00
	3.299090548862981e+00

 507	2.922080741964130e-07
	3.300000000000000e+00
	3.300000000000000e+00
	3.300000000000000e+00
	0.000000000000000e+00
	3.300808192788084e+00

 508	2.932080741964130e-07
	3.300000000000000e+00
	3.300000000000000e+00
	3.300000000000000e+00
	0.000000000000000e+00
	3.299154785036653e+00

 509	2.942080741964130e-07
	3.300000000000000e+00
	3.300000000000000e+00
	3.300000000000000e+00
	0.000000000000000e+00
	3.300757919665829e+00

 510	2.952080741964130e-07
	3.300000000000000e+00
	3.300000000000000e+00
	3.300000000000000e+00
	0.000000000000000e+00
	3.299212527831076e+00

 511	2.962080741964130e-07
	3.300000000000000e+00
	3.300000000000000e+00
	3.300000000000000e+00
	0.000000000000000e+00
	3.300710723267075e+00

 512	2.972080741964131e-07
	3.300000000000000e+00
	3.300000000000000e+00
	3.300000000000000e+00
	0.000000000000000e+00
	3.299264896900586e+00

 513	2.982080741964131e-07
	3.300000000000000e+00
	3.300000000000000e+00
	3.300000000000000e+00
	0.000000000000000e+00
	3.300666666416029e+00

 514	2.990000000000000e-07
	3.300000000000000e+00
	3.300000000000000e+00
	3.300000000000000e+00
	0.000000000000000e+00
	3.299318068168830e+00

 515	2.991000000000000e-07
	3.300000000000000e+00
	3.300000000000000e+00
	3.300000000000000e+00
	3.300000000000139e-01
	3.300013208128370e+00

 516	2.993000000000000e-07
	3.300000000000000e+00
	3.300000000000000e+00
	3.300000000000000e+00
	9.900000000000635e-01
	3.297964790943380e+00

 517	2.995670378604563e-07
	3.300000000000000e+00
	3.300000000000000e+00
	3.300000000000000e+00
	1.871224939505642e+00
	3.262255823829595e+00

 518	2.998164723489935e-07
	3.300000000000000e+00
	3.300000000000000e+00
	3.300000000000000e+00
	2.694358751678363e+00
	3.321774961781778e+00

 519	3.000000000000000e-07
	3.300000000000000e+00
	3.300000000000000e+00
	3.300000000000000e+00
	3.300000000000000e+00
	3.244922243159845e+00

 520	3.000247016532581e-07
	3.300000000000000e+00
	3.300000000000000e+00
	3.300000000000000e+00
	3.300000000000000e+00
	3.260050126456645e+00

 521	3.000741049597744e-07
	3.300000000000000e+00
	3.300000000000000e+00
	3.300000000000000e+00
	3.300000000000000e+00
	3.287256891700538e+00

 522	3.001729115728068e-07
	3.300000000000000e+00
	3.300000000000000e+00
	3.300000000000000e+00
	3.300000000000000e+00
	3.303508721984613e+00

 523	3.003705247988717e-07
	3.300000000000000e+00
	3.300000000000000e+00
	3.300000000000000e+00
	3.300000000000000e+00
	3.297817569948628e+00

 524	3.005916266935263e-07
	3.300000000000000e+00
	3.300000000000000e+00
	3.300000000000000e+00
	3.300000000000000e+00
	3.301454248578344e+00

 525	3.010338304828354e-07
	3.300000000000000e+00
	3.300000000000000e+00
	3.300000000000000e+00
	3.300000000000000e+00
	3.298799311410960e+00

 526	3.019182380614536e-07
	3.300000000000000e+00
	3.300000000000000e+00
	3.300000000000000e+00
	3.300000000000000e+00
	3.301092670945852e+00

 527	3.029182380614536e-07
	3.300000000000000e+00
	3.300000000000000e+00
	3.300000000000000e+00
	3.300000000000000e+00
	3.298993343184895e+00

 528	3.039182380614536e-07
	3.300000000000000e+00
	3.300000000000000e+00
	3.300000000000000e+00
	3.300000000000000e+00
	3.300927856732865e+00

 529	3.049182380614536e-07
	3.300000000000000e+00
	3.300000000000000e+00
	3.300000000000000e+00
	3.300000000000000e+00
	3.299143614600045e+00

 530	3.059182380614537e-07
	3.300000000000000e+00
	3.300000000000000e+00
	3.300000000000000e+00
	3.300000000000000e+00
	3.300790768033367e+00

 531	3.069182380614537e-07
	3.300000000000000e+00
	3.300000000000000e+00
	3.300000000000000e+00
	3.300000000000000e+00
	3.299268789566396e+00

 532	3.079182380614537e-07
	3.300000000000000e+00
	3.300000000000000e+00
	3.300000000000000e+00
	3.300000000000000e+00
	3.300676408277115e+00

 533	3.089182380614537e-07
	3.300000000000000e+00
	3.300000000000000e+00
	3.300000000000000e+00
	3.300000000000000e+00
	3.299373361541625e+00

 534	3.099182380614537e-07
	3.300000000000000e+00
	3.300000000000000e+00
	3.300000000000000e+00
	3.300000000000000e+00
	3.300580734444400e+00

 535	3.109182380614538e-07
	3.300000000000000e+00
	3.300000000000000e+00
	3.300000000000000e+00
	3.300000000000000e+00
	3.299460971306123e+00

 536	3.119182380614538e-07
	3.300000000000000e+00
	3.300000000000000e+00
	3.300000000000000e+00
	3.300000000000000e+00
	3.300500466481512e+00

 537	3.129182380614538e-07
	3.300000000000000e+00
	3.300000000000000e+00
	3.300000000000000e+00
	3.300000000000000e+00
	3.299534576453735e+00

 538	3.139182380614538e-07
	3.300000000000000e+00
	3.300000000000000e+00
	3.300000000000000e+00
	3.300000000000000e+00
	3.300432935590433e+00

 539	3.149182380614539e-07
	3.300000000000000e+00
	3.300000000000000e+00
	3.300000000000000e+00
	3.300000000000000e+00
	3.299596587253320e+00

 540	3.159182380614539e-07
	3.300000000000000e+00
	3.300000000000000e+00
	3.300000000000000e+00
	3.300000000000000e+00
	3.300375964487676e+00

 541	3.169182380614539e-07
	3.300000000000000e+00
	3.300000000000000e+00
	3.300000000000000e+00
	3.300000000000000e+00
	3.299648972291790e+00

 542	3.179182380614539e-07
	3.300000000000000e+00
	3.300000000000000e+00
	3.300000000000000e+00
	3.300000000000000e+00
	3.300327772108574e+00

 543	3.189182380614539e-07
	3.300000000000000e+00
	3.300000000000000e+00
	3.300000000000000e+00
	3.300000000000000e+00
	3.299693344354850e+00

 544	3.199182380614540e-07
	3.300000000000000e+00
	3.300000000000000e+00
	3.300000000000000e+00
	3.300000000000000e+00
	3.300286897292023e+00

 545	3.200000000000000e-07
	3.300000000000000e+00
	3.300000000000000e+00
	3.300000000000000e+00
	3.300000000000000e+00
	3.299867171314622e+00

