Title: segment_c
Date: Fri Apr 28 11:49:46  2017
Plotname: Transient Analysis
Flags: real
No. Variables: 6
No. Points: 520
Variables:
	0	time	time
	1	a	voltage
	2	b	voltage
	3	c	voltage
	4	d	voltage
	5	y	voltage
Values:
 0	0.000000000000000e+00
	3.300000000000000e+00
	3.300000000000000e+00
	3.300000000000000e+00
	3.300000000000000e+00
	3.299999874895242e+00

 1	1.000000000000000e-11
	3.267000000000000e+00
	3.267000000000000e+00
	3.267000000000000e+00
	3.267000000000000e+00
	3.298495359470373e+00

 2	2.000000000000000e-11
	3.234000000000000e+00
	3.234000000000000e+00
	3.234000000000000e+00
	3.234000000000000e+00
	3.297923870887959e+00

 3	4.000000000000000e-11
	3.168000000000000e+00
	3.168000000000000e+00
	3.168000000000000e+00
	3.168000000000000e+00
	3.297841926104545e+00

 4	8.000000000000001e-11
	3.036000000000000e+00
	3.036000000000000e+00
	3.036000000000000e+00
	3.036000000000000e+00
	3.299415082161159e+00

 5	1.600000000000000e-10
	2.772000000000000e+00
	2.772000000000000e+00
	2.772000000000000e+00
	2.772000000000000e+00
	3.300652548920469e+00

 6	3.200000000000000e-10
	2.244000000000000e+00
	2.244000000000000e+00
	2.244000000000000e+00
	2.244000000000000e+00
	3.309850244106678e+00

 7	4.952359356418164e-10
	1.665721412382006e+00
	1.665721412382006e+00
	1.665721412382006e+00
	1.665721412382006e+00
	1.198780062363943e+00

 8	6.777464438921678e-10
	1.063436735155847e+00
	1.063436735155847e+00
	1.063436735155847e+00
	1.063436735155847e+00
	-3.919327465498829e-02

 9	8.503759503176308e-10
	4.937593639518187e-01
	4.937593639518187e-01
	4.937593639518187e-01
	4.937593639518187e-01
	3.328712032265999e-02

 10	1.000000000000000e-09
	0.000000000000000e+00
	0.000000000000000e+00
	0.000000000000000e+00
	0.000000000000000e+00
	-1.806916638443506e-02

 11	1.019003719429953e-09
	0.000000000000000e+00
	0.000000000000000e+00
	0.000000000000000e+00
	0.000000000000000e+00
	7.117864672570029e-04

 12	1.057011158289858e-09
	0.000000000000000e+00
	0.000000000000000e+00
	0.000000000000000e+00
	0.000000000000000e+00
	4.650087573637024e-03

 13	1.133026036009668e-09
	0.000000000000000e+00
	0.000000000000000e+00
	0.000000000000000e+00
	0.000000000000000e+00
	-1.626950018054824e-03

 14	1.285055791449289e-09
	0.000000000000000e+00
	0.000000000000000e+00
	0.000000000000000e+00
	0.000000000000000e+00
	1.431964172711936e-03

 15	1.552003928752755e-09
	0.000000000000000e+00
	0.000000000000000e+00
	0.000000000000000e+00
	0.000000000000000e+00
	-1.321375107199110e-03

 16	2.085900203359686e-09
	0.000000000000000e+00
	0.000000000000000e+00
	0.000000000000000e+00
	0.000000000000000e+00
	1.270365798067694e-03

 17	3.085900203359686e-09
	0.000000000000000e+00
	0.000000000000000e+00
	0.000000000000000e+00
	0.000000000000000e+00
	-1.243421151592827e-03

 18	4.085900203359686e-09
	0.000000000000000e+00
	0.000000000000000e+00
	0.000000000000000e+00
	0.000000000000000e+00
	1.217972800281995e-03

 19	5.085900203359686e-09
	0.000000000000000e+00
	0.000000000000000e+00
	0.000000000000000e+00
	0.000000000000000e+00
	-1.192413276034783e-03

 20	6.085900203359685e-09
	0.000000000000000e+00
	0.000000000000000e+00
	0.000000000000000e+00
	0.000000000000000e+00
	1.168320151732970e-03

 21	7.085900203359685e-09
	0.000000000000000e+00
	0.000000000000000e+00
	0.000000000000000e+00
	0.000000000000000e+00
	-1.144129745482962e-03

 22	8.085900203359685e-09
	0.000000000000000e+00
	0.000000000000000e+00
	0.000000000000000e+00
	0.000000000000000e+00
	1.121365294165514e-03

 23	9.085900203359686e-09
	0.000000000000000e+00
	0.000000000000000e+00
	0.000000000000000e+00
	0.000000000000000e+00
	-1.098506800032975e-03

 24	1.008590020335969e-08
	0.000000000000000e+00
	0.000000000000000e+00
	0.000000000000000e+00
	0.000000000000000e+00
	1.077027333483372e-03

 25	1.108590020335969e-08
	0.000000000000000e+00
	0.000000000000000e+00
	0.000000000000000e+00
	0.000000000000000e+00
	-1.055450065953773e-03

 26	1.208590020335969e-08
	0.000000000000000e+00
	0.000000000000000e+00
	0.000000000000000e+00
	0.000000000000000e+00
	1.035201532649039e-03

 27	1.308590020335969e-08
	0.000000000000000e+00
	0.000000000000000e+00
	0.000000000000000e+00
	0.000000000000000e+00
	-1.014846746195487e-03

 28	1.408590020335969e-08
	0.000000000000000e+00
	0.000000000000000e+00
	0.000000000000000e+00
	0.000000000000000e+00
	9.957691960778541e-04

 29	1.508590020335969e-08
	0.000000000000000e+00
	0.000000000000000e+00
	0.000000000000000e+00
	0.000000000000000e+00
	-9.765738984059552e-04

 30	1.608590020335969e-08
	0.000000000000000e+00
	0.000000000000000e+00
	0.000000000000000e+00
	0.000000000000000e+00
	9.586046110465641e-04

 31	1.708590020335969e-08
	0.000000000000000e+00
	0.000000000000000e+00
	0.000000000000000e+00
	0.000000000000000e+00
	-9.405042231525936e-04

 32	1.808590020335969e-08
	0.000000000000000e+00
	0.000000000000000e+00
	0.000000000000000e+00
	0.000000000000000e+00
	9.235799166705076e-04

 33	1.900000000000000e-08
	0.000000000000000e+00
	0.000000000000000e+00
	0.000000000000000e+00
	0.000000000000000e+00
	-9.049565080716387e-04

 34	1.910000000000000e-08
	0.000000000000000e+00
	0.000000000000000e+00
	0.000000000000000e+00
	3.300000000000030e-01
	-2.256272730270098e-05

 35	1.930000000000000e-08
	0.000000000000000e+00
	0.000000000000000e+00
	0.000000000000000e+00
	9.899999999999980e-01
	-8.315045417395944e-05

 36	1.957238354462927e-08
	0.000000000000000e+00
	0.000000000000000e+00
	0.000000000000000e+00
	1.888865697276572e+00
	-2.467620635872650e-04

 37	1.983152316739932e-08
	0.000000000000000e+00
	0.000000000000000e+00
	0.000000000000000e+00
	2.744026452417757e+00
	3.221981813079922e-04

 38	2.000000000000000e-08
	0.000000000000000e+00
	0.000000000000000e+00
	0.000000000000000e+00
	3.300000000000000e+00
	2.172189835772942e-04

 39	2.003802330002929e-08
	0.000000000000000e+00
	0.000000000000000e+00
	0.000000000000000e+00
	3.300000000000000e+00
	5.443678625066672e-06

 40	2.011406990008787e-08
	0.000000000000000e+00
	0.000000000000000e+00
	0.000000000000000e+00
	3.300000000000000e+00
	-7.133316514733312e-05

 41	2.026616310020504e-08
	0.000000000000000e+00
	0.000000000000000e+00
	0.000000000000000e+00
	3.300000000000000e+00
	7.259534347017066e-05

 42	2.057034950043937e-08
	0.000000000000000e+00
	0.000000000000000e+00
	0.000000000000000e+00
	3.300000000000000e+00
	-5.695480431006789e-05

 43	2.117872230090803e-08
	0.000000000000000e+00
	0.000000000000000e+00
	0.000000000000000e+00
	3.300000000000000e+00
	5.265648137327966e-05

 44	2.217872230090803e-08
	0.000000000000000e+00
	0.000000000000000e+00
	0.000000000000000e+00
	3.300000000000000e+00
	-4.863405285444183e-05

 45	2.317872230090803e-08
	0.000000000000000e+00
	0.000000000000000e+00
	0.000000000000000e+00
	3.300000000000000e+00
	4.559119169544185e-05

 46	2.417872230090803e-08
	0.000000000000000e+00
	0.000000000000000e+00
	0.000000000000000e+00
	3.300000000000000e+00
	-4.200790050512895e-05

 47	2.517872230090803e-08
	0.000000000000000e+00
	0.000000000000000e+00
	0.000000000000000e+00
	3.300000000000000e+00
	3.906458832703304e-05

 48	2.617872230090803e-08
	0.000000000000000e+00
	0.000000000000000e+00
	0.000000000000000e+00
	3.300000000000000e+00
	-3.573460372137405e-05

 49	2.717872230090803e-08
	0.000000000000000e+00
	0.000000000000000e+00
	0.000000000000000e+00
	3.300000000000000e+00
	3.299903717978933e-05

 50	2.817872230090803e-08
	0.000000000000000e+00
	0.000000000000000e+00
	0.000000000000000e+00
	3.300000000000000e+00
	-2.992541554271491e-05

 51	2.917872230090802e-08
	0.000000000000000e+00
	0.000000000000000e+00
	0.000000000000000e+00
	3.300000000000000e+00
	2.743243695512397e-05

 52	3.017872230090802e-08
	0.000000000000000e+00
	0.000000000000000e+00
	0.000000000000000e+00
	3.300000000000000e+00
	-2.462380275504439e-05

 53	3.117872230090803e-08
	0.000000000000000e+00
	0.000000000000000e+00
	0.000000000000000e+00
	3.300000000000000e+00
	2.238433396723957e-05

 54	3.217872230090803e-08
	0.000000000000000e+00
	0.000000000000000e+00
	0.000000000000000e+00
	3.300000000000000e+00
	-1.983836741180876e-05

 55	3.317872230090803e-08
	0.000000000000000e+00
	0.000000000000000e+00
	0.000000000000000e+00
	3.300000000000000e+00
	1.788162065008425e-05

 56	3.417872230090803e-08
	0.000000000000000e+00
	0.000000000000000e+00
	0.000000000000000e+00
	3.300000000000000e+00
	-1.555919343667819e-05

 57	3.517872230090804e-08
	0.000000000000000e+00
	0.000000000000000e+00
	0.000000000000000e+00
	3.300000000000000e+00
	1.384772527538228e-05

 58	3.617872230090804e-08
	0.000000000000000e+00
	0.000000000000000e+00
	0.000000000000000e+00
	3.300000000000000e+00
	-1.175133601994185e-05

 59	3.717872230090804e-08
	0.000000000000000e+00
	0.000000000000000e+00
	0.000000000000000e+00
	3.300000000000000e+00
	1.029832001590326e-05

 60	3.817872230090804e-08
	0.000000000000000e+00
	0.000000000000000e+00
	0.000000000000000e+00
	3.300000000000000e+00
	-8.436072149316590e-06

 61	3.900000000000001e-08
	0.000000000000000e+00
	0.000000000000000e+00
	0.000000000000000e+00
	3.300000000000000e+00
	6.891436017330069e-06

 62	3.910000000000001e-08
	0.000000000000000e+00
	0.000000000000000e+00
	3.300000000000030e-01
	3.300000000000000e+00
	2.218778239584038e-04

 63	3.930000000000001e-08
	0.000000000000000e+00
	0.000000000000000e+00
	9.900000000000089e-01
	3.300000000000000e+00
	-3.456725938418281e-04

 64	3.943934642320383e-08
	0.000000000000000e+00
	0.000000000000000e+00
	1.449843196572623e+00
	3.300000000000000e+00
	2.399427595321593e-04

 65	3.959454298066510e-08
	0.000000000000000e+00
	0.000000000000000e+00
	1.961991836194828e+00
	3.300000000000000e+00
	-1.520862845028614e-04

 66	3.988214253378630e-08
	0.000000000000000e+00
	0.000000000000000e+00
	2.911070361494767e+00
	3.300000000000000e+00
	1.349590054488745e-04

 67	4.000000000000000e-08
	0.000000000000000e+00
	0.000000000000000e+00
	3.299999999999986e+00
	3.300000000000000e+00
	-2.652642050022386e-04

 68	4.003534764119661e-08
	0.000000000000000e+00
	0.000000000000000e+00
	3.300000000000000e+00
	3.183352784051186e+00
	-2.424433887754374e-04

 69	4.010604292358983e-08
	0.000000000000000e+00
	0.000000000000000e+00
	3.300000000000000e+00
	2.950058352153579e+00
	1.697520352730159e-04

 70	4.024743348837626e-08
	0.000000000000000e+00
	0.000000000000000e+00
	3.300000000000000e+00
	2.483469488358345e+00
	3.110997785520098e-05

 71	4.053021461794913e-08
	0.000000000000000e+00
	0.000000000000000e+00
	3.300000000000000e+00
	1.550291760767875e+00
	5.242844659155560e-05

 72	4.080914610143474e-08
	0.000000000000000e+00
	0.000000000000000e+00
	3.300000000000000e+00
	6.298178652653772e-01
	1.488843228345134e+00

 73	4.100000000000000e-08
	0.000000000000000e+00
	0.000000000000000e+00
	3.300000000000000e+00
	0.000000000000000e+00
	3.170835505972161e+00

 74	4.102573511442873e-08
	0.000000000000000e+00
	0.000000000000000e+00
	3.300000000000000e+00
	0.000000000000000e+00
	3.245125248977751e+00

 75	4.107720534328617e-08
	0.000000000000000e+00
	0.000000000000000e+00
	3.300000000000000e+00
	0.000000000000000e+00
	3.306213236743065e+00

 76	4.118014580100107e-08
	0.000000000000000e+00
	0.000000000000000e+00
	3.300000000000000e+00
	0.000000000000000e+00
	3.294019695819809e+00

 77	4.138602671643086e-08
	0.000000000000000e+00
	0.000000000000000e+00
	3.300000000000000e+00
	0.000000000000000e+00
	3.302221851476483e+00

 78	4.167559931261517e-08
	0.000000000000000e+00
	0.000000000000000e+00
	3.300000000000000e+00
	0.000000000000000e+00
	3.296914963381552e+00

 79	4.225474450498381e-08
	0.000000000000000e+00
	0.000000000000000e+00
	3.300000000000000e+00
	0.000000000000000e+00
	3.301901194218714e+00

 80	4.325474450498381e-08
	0.000000000000000e+00
	0.000000000000000e+00
	3.300000000000000e+00
	0.000000000000000e+00
	3.297722564477053e+00

 81	4.425474450498381e-08
	0.000000000000000e+00
	0.000000000000000e+00
	3.300000000000000e+00
	0.000000000000000e+00
	3.301832786456544e+00

 82	4.525474450498381e-08
	0.000000000000000e+00
	0.000000000000000e+00
	3.300000000000000e+00
	0.000000000000000e+00
	3.298059654018348e+00

 83	4.625474450498382e-08
	0.000000000000000e+00
	0.000000000000000e+00
	3.300000000000000e+00
	0.000000000000000e+00
	3.301647451130604e+00

 84	4.725474450498382e-08
	0.000000000000000e+00
	0.000000000000000e+00
	3.300000000000000e+00
	0.000000000000000e+00
	3.298310210173825e+00

 85	4.825474450498382e-08
	0.000000000000000e+00
	0.000000000000000e+00
	3.300000000000000e+00
	0.000000000000000e+00
	3.301464953868332e+00

 86	4.925474450498382e-08
	0.000000000000000e+00
	0.000000000000000e+00
	3.300000000000000e+00
	0.000000000000000e+00
	3.298518056725795e+00

 87	5.025474450498382e-08
	0.000000000000000e+00
	0.000000000000000e+00
	3.300000000000000e+00
	0.000000000000000e+00
	3.301298508545113e+00

 88	5.125474450498383e-08
	0.000000000000000e+00
	0.000000000000000e+00
	3.300000000000000e+00
	0.000000000000000e+00
	3.298695683476827e+00

 89	5.225474450498383e-08
	0.000000000000000e+00
	0.000000000000000e+00
	3.300000000000000e+00
	0.000000000000000e+00
	3.301149803224892e+00

 90	5.325474450498383e-08
	0.000000000000000e+00
	0.000000000000000e+00
	3.300000000000000e+00
	0.000000000000000e+00
	3.298849310837284e+00

 91	5.425474450498383e-08
	0.000000000000000e+00
	0.000000000000000e+00
	3.300000000000000e+00
	0.000000000000000e+00
	3.301017973807605e+00

 92	5.525474450498384e-08
	0.000000000000000e+00
	0.000000000000000e+00
	3.300000000000000e+00
	0.000000000000000e+00
	3.298982989130723e+00

 93	5.625474450498384e-08
	0.000000000000000e+00
	0.000000000000000e+00
	3.300000000000000e+00
	0.000000000000000e+00
	3.300901499262181e+00

 94	5.725474450498384e-08
	0.000000000000000e+00
	0.000000000000000e+00
	3.300000000000000e+00
	0.000000000000000e+00
	3.299099730270926e+00

 95	5.825474450498384e-08
	0.000000000000000e+00
	0.000000000000000e+00
	3.300000000000000e+00
	0.000000000000000e+00
	3.300798748704171e+00

 96	5.900000000000001e-08
	0.000000000000000e+00
	0.000000000000000e+00
	3.300000000000000e+00
	1.091878408569997e-14
	3.299217314669720e+00

 97	5.910000000000001e-08
	0.000000000000000e+00
	0.000000000000000e+00
	3.300000000000000e+00
	3.300000000000139e-01
	3.299880199237911e+00

 98	5.930000000000001e-08
	0.000000000000000e+00
	0.000000000000000e+00
	3.300000000000000e+00
	9.900000000000199e-01
	3.299914299980818e+00

 99	5.956547733366581e-08
	0.000000000000000e+00
	0.000000000000000e+00
	3.300000000000000e+00
	1.866075201097177e+00
	3.301954247410029e+00

 100	5.984726361074670e-08
	0.000000000000000e+00
	0.000000000000000e+00
	3.300000000000000e+00
	2.795969915464087e+00
	5.587758262219904e-01

 101	6.000000000000001e-08
	0.000000000000000e+00
	0.000000000000000e+00
	3.300000000000000e+00
	3.300000000000000e+00
	-1.606436503303669e-01

 102	6.002645711786699e-08
	0.000000000000000e+00
	0.000000000000000e+00
	3.300000000000000e+00
	3.300000000000000e+00
	-6.133035083094227e-02

 103	6.007937135360095e-08
	0.000000000000000e+00
	0.000000000000000e+00
	3.300000000000000e+00
	3.300000000000000e+00
	1.274314106376653e-02

 104	6.018519982506887e-08
	0.000000000000000e+00
	0.000000000000000e+00
	3.300000000000000e+00
	3.300000000000000e+00
	-6.920328478280405e-03

 105	6.038999285119879e-08
	0.000000000000000e+00
	0.000000000000000e+00
	3.300000000000000e+00
	3.300000000000000e+00
	5.240438261437372e-03

 106	6.064877620329627e-08
	0.000000000000000e+00
	0.000000000000000e+00
	3.300000000000000e+00
	3.300000000000000e+00
	-4.232451259345522e-03

 107	6.116634290749124e-08
	0.000000000000000e+00
	0.000000000000000e+00
	3.300000000000000e+00
	3.300000000000000e+00
	3.816641293838827e-03

 108	6.216634290749123e-08
	0.000000000000000e+00
	0.000000000000000e+00
	3.300000000000000e+00
	3.300000000000000e+00
	-3.618862484667338e-03

 109	6.316634290749123e-08
	0.000000000000000e+00
	0.000000000000000e+00
	3.300000000000000e+00
	3.300000000000000e+00
	3.433616090225366e-03

 110	6.416634290749122e-08
	0.000000000000000e+00
	0.000000000000000e+00
	3.300000000000000e+00
	3.300000000000000e+00
	-3.258006911704990e-03

 111	6.516634290749122e-08
	0.000000000000000e+00
	0.000000000000000e+00
	3.300000000000000e+00
	3.300000000000000e+00
	3.093466297898074e-03

 112	6.616634290749122e-08
	0.000000000000000e+00
	0.000000000000000e+00
	3.300000000000000e+00
	3.300000000000000e+00
	-2.937268592184607e-03

 113	6.716634290749121e-08
	0.000000000000000e+00
	0.000000000000000e+00
	3.300000000000000e+00
	3.300000000000000e+00
	2.790861621381148e-03

 114	6.816634290749121e-08
	0.000000000000000e+00
	0.000000000000000e+00
	3.300000000000000e+00
	3.300000000000000e+00
	-2.651692088703632e-03

 115	6.916634290749120e-08
	0.000000000000000e+00
	0.000000000000000e+00
	3.300000000000000e+00
	3.300000000000000e+00
	2.521198024359843e-03

 116	7.016634290749120e-08
	0.000000000000000e+00
	0.000000000000000e+00
	3.300000000000000e+00
	3.300000000000000e+00
	-2.396993947683054e-03

 117	7.116634290749119e-08
	0.000000000000000e+00
	0.000000000000000e+00
	3.300000000000000e+00
	3.300000000000000e+00
	2.280491540011396e-03

 118	7.216634290749119e-08
	0.000000000000000e+00
	0.000000000000000e+00
	3.300000000000000e+00
	3.300000000000000e+00
	-2.169464072022757e-03

 119	7.316634290749119e-08
	0.000000000000000e+00
	0.000000000000000e+00
	3.300000000000000e+00
	3.300000000000000e+00
	2.065287462621555e-03

 120	7.416634290749118e-08
	0.000000000000000e+00
	0.000000000000000e+00
	3.300000000000000e+00
	3.300000000000000e+00
	-1.965882276883952e-03

 121	7.516634290749118e-08
	0.000000000000000e+00
	0.000000000000000e+00
	3.300000000000000e+00
	3.300000000000000e+00
	1.872584011079861e-03

 122	7.616634290749117e-08
	0.000000000000000e+00
	0.000000000000000e+00
	3.300000000000000e+00
	3.300000000000000e+00
	-1.783448047650307e-03

 123	7.716634290749117e-08
	0.000000000000000e+00
	0.000000000000000e+00
	3.300000000000000e+00
	3.300000000000000e+00
	1.699767920139273e-03

 124	7.816634290749116e-08
	0.000000000000000e+00
	0.000000000000000e+00
	3.300000000000000e+00
	3.300000000000000e+00
	-1.619721199280581e-03

 125	7.900000000000001e-08
	0.000000000000000e+00
	0.000000000000000e+00
	3.300000000000000e+00
	3.300000000000000e+00
	1.529983717574318e-03

 126	7.910000000000000e-08
	0.000000000000000e+00
	3.299999999999811e-01
	3.300000000000000e+00
	3.300000000000000e+00
	3.670485552224115e-04

 127	7.930000000000000e-08
	0.000000000000000e+00
	9.899999999999870e-01
	3.300000000000000e+00
	3.300000000000000e+00
	-2.596374579191818e-04

 128	7.957325660922046e-08
	0.000000000000000e+00
	1.891746810427508e+00
	3.300000000000000e+00
	3.300000000000000e+00
	1.352224334583846e-05

 129	7.985390749929887e-08
	0.000000000000000e+00
	2.817894747686258e+00
	3.300000000000000e+00
	3.300000000000000e+00
	3.751537583427528e-05

 130	8.000000000000000e-08
	0.000000000000000e+00
	3.300000000000000e+00
	3.300000000000000e+00
	3.300000000000000e+00
	-1.898266163006535e-04

 131	8.003182180525678e-08
	0.000000000000000e+00
	3.300000000000000e+00
	3.194988042652642e+00
	3.194988042652642e+00
	-7.141416604951739e-04

 132	8.009546541577033e-08
	0.000000000000000e+00
	3.300000000000000e+00
	2.984964127957926e+00
	2.984964127957926e+00
	-2.033010289928250e-04

 133	8.022275263679741e-08
	0.000000000000000e+00
	3.300000000000000e+00
	2.564916298568538e+00
	2.564916298568538e+00
	1.754008901106163e-04

 134	8.047732707885159e-08
	0.000000000000000e+00
	3.300000000000000e+00
	1.724820639789762e+00
	1.724820639789762e+00
	3.267763880004243e-05

 135	8.071726474257766e-08
	0.000000000000000e+00
	3.300000000000000e+00
	9.330263494937157e-01
	9.330263494937157e-01
	6.003240756437545e-04

 136	8.094545423951459e-08
	0.000000000000000e+00
	3.300000000000000e+00
	1.800010096018685e-01
	1.800010096018685e-01
	-8.355410841646288e-04

 137	8.100000000000000e-08
	0.000000000000000e+00
	3.300000000000000e+00
	1.421085471520200e-14
	1.421085471520200e-14
	-9.020693364868160e-04

 138	8.102086625409806e-08
	0.000000000000000e+00
	3.300000000000000e+00
	0.000000000000000e+00
	0.000000000000000e+00
	-4.728819668184392e-05

 139	8.106259876229420e-08
	0.000000000000000e+00
	3.300000000000000e+00
	0.000000000000000e+00
	0.000000000000000e+00
	1.828997173260460e-04

 140	8.114606377868648e-08
	0.000000000000000e+00
	3.300000000000000e+00
	0.000000000000000e+00
	0.000000000000000e+00
	-8.193918856011506e-05

 141	8.131299381147102e-08
	0.000000000000000e+00
	3.300000000000000e+00
	0.000000000000000e+00
	0.000000000000000e+00
	2.713092542141957e-04

 142	8.164685387704011e-08
	0.000000000000000e+00
	3.300000000000000e+00
	0.000000000000000e+00
	0.000000000000000e+00
	-1.987351047585059e-04

 143	8.229587728465331e-08
	0.000000000000000e+00
	3.300000000000000e+00
	0.000000000000000e+00
	0.000000000000000e+00
	1.899892398563481e-04

 144	8.329587728465331e-08
	0.000000000000000e+00
	3.300000000000000e+00
	0.000000000000000e+00
	0.000000000000000e+00
	-1.794953090163698e-04

 145	8.429587728465330e-08
	0.000000000000000e+00
	3.300000000000000e+00
	0.000000000000000e+00
	0.000000000000000e+00
	1.718592248814658e-04

 146	8.529587728465330e-08
	0.000000000000000e+00
	3.300000000000000e+00
	0.000000000000000e+00
	0.000000000000000e+00
	-1.634550569212904e-04

 147	8.629587728465329e-08
	0.000000000000000e+00
	3.300000000000000e+00
	0.000000000000000e+00
	0.000000000000000e+00
	1.563501749511954e-04

 148	8.729587728465329e-08
	0.000000000000000e+00
	3.300000000000000e+00
	0.000000000000000e+00
	0.000000000000000e+00
	-1.488984282883056e-04

 149	8.829587728465329e-08
	0.000000000000000e+00
	3.300000000000000e+00
	0.000000000000000e+00
	0.000000000000000e+00
	1.424418436037373e-04

 150	8.929587728465328e-08
	0.000000000000000e+00
	3.300000000000000e+00
	0.000000000000000e+00
	0.000000000000000e+00
	-1.357242951655277e-04

 151	9.029587728465328e-08
	0.000000000000000e+00
	3.300000000000000e+00
	0.000000000000000e+00
	0.000000000000000e+00
	1.298684604762509e-04

 152	9.129587728465327e-08
	0.000000000000000e+00
	3.300000000000000e+00
	0.000000000000000e+00
	0.000000000000000e+00
	-1.237714172283213e-04

 153	9.229587728465327e-08
	0.000000000000000e+00
	3.300000000000000e+00
	0.000000000000000e+00
	0.000000000000000e+00
	1.184580371549129e-04

 154	9.329587728465326e-08
	0.000000000000000e+00
	3.300000000000000e+00
	0.000000000000000e+00
	0.000000000000000e+00
	-1.129033947225369e-04

 155	9.429587728465326e-08
	0.000000000000000e+00
	3.300000000000000e+00
	0.000000000000000e+00
	0.000000000000000e+00
	1.080793975438716e-04

 156	9.529587728465326e-08
	0.000000000000000e+00
	3.300000000000000e+00
	0.000000000000000e+00
	0.000000000000000e+00
	-1.030069780077903e-04

 157	9.629587728465325e-08
	0.000000000000000e+00
	3.300000000000000e+00
	0.000000000000000e+00
	0.000000000000000e+00
	9.862570664039699e-05

 158	9.729587728465325e-08
	0.000000000000000e+00
	3.300000000000000e+00
	0.000000000000000e+00
	0.000000000000000e+00
	-9.398613024630929e-05

 159	9.829587728465324e-08
	0.000000000000000e+00
	3.300000000000000e+00
	0.000000000000000e+00
	0.000000000000000e+00
	9.000643632216081e-05

 160	9.900000000000000e-08
	0.000000000000000e+00
	3.300000000000000e+00
	0.000000000000000e+00
	0.000000000000000e+00
	-8.411719573890239e-05

 161	9.909999999999999e-08
	0.000000000000000e+00
	3.300000000000000e+00
	0.000000000000000e+00
	3.299999999999702e-01
	-3.630372871529786e-06

 162	9.930000000000000e-08
	0.000000000000000e+00
	3.300000000000000e+00
	0.000000000000000e+00
	9.899999999999760e-01
	-1.353797763874245e-04

 163	9.960049473575244e-08
	0.000000000000000e+00
	3.300000000000000e+00
	0.000000000000000e+00
	1.981632627983050e+00
	-2.867659545480322e-04

 164	9.986019233519271e-08
	0.000000000000000e+00
	3.300000000000000e+00
	0.000000000000000e+00
	2.838634706135941e+00
	4.748426155741434e-04

 165	1.000000000000000e-07
	0.000000000000000e+00
	3.300000000000000e+00
	0.000000000000000e+00
	3.299999999999975e+00
	2.297452370574951e-04

 166	1.000270732494005e-07
	0.000000000000000e+00
	3.300000000000000e+00
	0.000000000000000e+00
	3.300000000000000e+00
	7.080029047795700e-05

 167	1.000812197482015e-07
	0.000000000000000e+00
	3.300000000000000e+00
	0.000000000000000e+00
	3.300000000000000e+00
	-5.246029757867421e-05

 168	1.001895127458036e-07
	0.000000000000000e+00
	3.300000000000000e+00
	0.000000000000000e+00
	3.300000000000000e+00
	2.882306833461301e-05

 169	1.004060987410078e-07
	0.000000000000000e+00
	3.300000000000000e+00
	0.000000000000000e+00
	3.300000000000000e+00
	-1.213756719373182e-05

 170	1.008392707314161e-07
	0.000000000000000e+00
	3.300000000000000e+00
	0.000000000000000e+00
	3.300000000000000e+00
	1.064347694623019e-05

 171	1.017056147122327e-07
	0.000000000000000e+00
	3.300000000000000e+00
	0.000000000000000e+00
	3.300000000000000e+00
	-8.394297794405564e-06

 172	1.027056147122327e-07
	0.000000000000000e+00
	3.300000000000000e+00
	0.000000000000000e+00
	3.300000000000000e+00
	7.581183243083461e-06

 173	1.037056147122327e-07
	0.000000000000000e+00
	3.300000000000000e+00
	0.000000000000000e+00
	3.300000000000000e+00
	-6.199393451998547e-06

 174	1.047056147122327e-07
	0.000000000000000e+00
	3.300000000000000e+00
	0.000000000000000e+00
	3.300000000000000e+00
	5.461183247451942e-06

 175	1.057056147122327e-07
	0.000000000000000e+00
	3.300000000000000e+00
	0.000000000000000e+00
	3.300000000000000e+00
	-4.310968020455885e-06

 176	1.067056147122327e-07
	0.000000000000000e+00
	3.300000000000000e+00
	0.000000000000000e+00
	3.300000000000000e+00
	3.714327197215650e-06

 177	1.077056147122327e-07
	0.000000000000000e+00
	3.300000000000000e+00
	0.000000000000000e+00
	3.300000000000000e+00
	-2.733128382420569e-06

 178	1.087056147122327e-07
	0.000000000000000e+00
	3.300000000000000e+00
	0.000000000000000e+00
	3.300000000000000e+00
	2.268171628584323e-06

 179	1.097056147122327e-07
	0.000000000000000e+00
	3.300000000000000e+00
	0.000000000000000e+00
	3.300000000000000e+00
	-1.423123642490740e-06

 180	1.107056147122327e-07
	0.000000000000000e+00
	3.300000000000000e+00
	0.000000000000000e+00
	3.300000000000000e+00
	1.073310677258965e-06

 181	1.117056147122327e-07
	0.000000000000000e+00
	3.300000000000000e+00
	0.000000000000000e+00
	3.300000000000000e+00
	-3.414749352483037e-07

 182	1.127056147122327e-07
	0.000000000000000e+00
	3.300000000000000e+00
	0.000000000000000e+00
	3.300000000000000e+00
	9.048051317211980e-08

 183	1.137056147122327e-07
	0.000000000000000e+00
	3.300000000000000e+00
	0.000000000000000e+00
	3.300000000000000e+00
	5.463129343265954e-07

 184	1.147056147122327e-07
	0.000000000000000e+00
	3.300000000000000e+00
	0.000000000000000e+00
	3.300000000000000e+00
	-7.129748563223376e-07

 185	1.157056147122327e-07
	0.000000000000000e+00
	3.300000000000000e+00
	0.000000000000000e+00
	3.300000000000000e+00
	1.269598261580823e-06

 186	1.167056147122327e-07
	0.000000000000000e+00
	3.300000000000000e+00
	0.000000000000000e+00
	3.300000000000000e+00
	-1.364458180979494e-06

 187	1.177056147122327e-07
	0.000000000000000e+00
	3.300000000000000e+00
	0.000000000000000e+00
	3.300000000000000e+00
	1.853303248935956e-06

 188	1.187056147122327e-07
	0.000000000000000e+00
	3.300000000000000e+00
	0.000000000000000e+00
	3.300000000000000e+00
	-1.887119892962641e-06

 189	1.190000000000000e-07
	0.000000000000000e+00
	3.300000000000000e+00
	0.000000000000000e+00
	3.300000000000000e+00
	2.750880433118053e-06

 190	1.191000000000000e-07
	0.000000000000000e+00
	3.300000000000000e+00
	3.299999999999375e-01
	3.300000000000000e+00
	2.892053667399933e-04

 191	1.193000000000000e-07
	0.000000000000000e+00
	3.300000000000000e+00
	9.899999999999434e-01
	3.300000000000000e+00
	-1.266397583747358e-04

 192	1.197000000000000e-07
	0.000000000000000e+00
	3.300000000000000e+00
	2.309999999999955e+00
	3.300000000000000e+00
	1.316429906823464e-04

 193	1.200000000000000e-07
	0.000000000000000e+00
	3.300000000000000e+00
	3.299999999999942e+00
	3.300000000000000e+00
	-1.094060477500672e-04

 194	1.200482856289540e-07
	0.000000000000000e+00
	3.300000000000000e+00
	3.300000000000000e+00
	3.140657424451905e+00
	-6.477386875883007e-04

 195	1.201448568868619e-07
	0.000000000000000e+00
	3.300000000000000e+00
	3.300000000000000e+00
	2.821972273355627e+00
	-7.087561261966135e-05

 196	1.203379994026779e-07
	0.000000000000000e+00
	3.300000000000000e+00
	3.300000000000000e+00
	2.184601971162983e+00
	2.255226763619445e-04

 197	1.206165304630734e-07
	0.000000000000000e+00
	3.300000000000000e+00
	3.300000000000000e+00
	1.265449471857815e+00
	9.262771210737097e-05

 198	1.208985119512838e-07
	0.000000000000000e+00
	3.300000000000000e+00
	3.300000000000000e+00
	3.349105607635794e-01
	3.978048641168283e-04

 199	1.210000000000000e-07
	0.000000000000000e+00
	3.300000000000000e+00
	3.300000000000000e+00
	1.016964290556643e-13
	-1.441704304454311e-03

 200	1.210343152733621e-07
	0.000000000000000e+00
	3.300000000000000e+00
	3.300000000000000e+00
	0.000000000000000e+00
	-7.610549157709701e-04

 201	1.211029458200862e-07
	0.000000000000000e+00
	3.300000000000000e+00
	3.300000000000000e+00
	0.000000000000000e+00
	-5.247670515769187e-05

 202	1.212402069135346e-07
	0.000000000000000e+00
	3.300000000000000e+00
	3.300000000000000e+00
	0.000000000000000e+00
	-3.079817393665529e-05

 203	1.215147291004313e-07
	0.000000000000000e+00
	3.300000000000000e+00
	3.300000000000000e+00
	0.000000000000000e+00
	2.307596740995510e-05

 204	1.219715422135301e-07
	0.000000000000000e+00
	3.300000000000000e+00
	3.300000000000000e+00
	0.000000000000000e+00
	-1.624675844276793e-05

 205	1.228851684397275e-07
	0.000000000000000e+00
	3.300000000000000e+00
	3.300000000000000e+00
	0.000000000000000e+00
	1.506037275197068e-05

 206	1.238851684397275e-07
	0.000000000000000e+00
	3.300000000000000e+00
	3.300000000000000e+00
	0.000000000000000e+00
	-1.261980303475692e-05

 207	1.248851684397275e-07
	0.000000000000000e+00
	3.300000000000000e+00
	3.300000000000000e+00
	0.000000000000000e+00
	1.138402590024866e-05

 208	1.258851684397275e-07
	0.000000000000000e+00
	3.300000000000000e+00
	3.300000000000000e+00
	0.000000000000000e+00
	-9.499711767708627e-06

 209	1.268851684397275e-07
	0.000000000000000e+00
	3.300000000000000e+00
	3.300000000000000e+00
	0.000000000000000e+00
	8.430243715242675e-06

 210	1.278851684397275e-07
	0.000000000000000e+00
	3.300000000000000e+00
	3.300000000000000e+00
	0.000000000000000e+00
	-6.884277443728118e-06

 211	1.288851684397275e-07
	0.000000000000000e+00
	3.300000000000000e+00
	3.300000000000000e+00
	0.000000000000000e+00
	6.020778011808434e-06

 212	1.298851684397275e-07
	0.000000000000000e+00
	3.300000000000000e+00
	3.300000000000000e+00
	0.000000000000000e+00
	-4.733475267873488e-06

 213	1.308851684397275e-07
	0.000000000000000e+00
	3.300000000000000e+00
	3.300000000000000e+00
	0.000000000000000e+00
	4.061492651700332e-06

 214	1.318851684397275e-07
	0.000000000000000e+00
	3.300000000000000e+00
	3.300000000000000e+00
	0.000000000000000e+00
	-2.983982589072412e-06

 215	1.328851684397275e-07
	0.000000000000000e+00
	3.300000000000000e+00
	3.300000000000000e+00
	0.000000000000000e+00
	2.479462943945007e-06

 216	1.338851684397275e-07
	0.000000000000000e+00
	3.300000000000000e+00
	3.300000000000000e+00
	0.000000000000000e+00
	-1.573976271660241e-06

 217	1.348851684397275e-07
	0.000000000000000e+00
	3.300000000000000e+00
	3.300000000000000e+00
	0.000000000000000e+00
	1.211797952791610e-06

 218	1.358851684397275e-07
	0.000000000000000e+00
	3.300000000000000e+00
	3.300000000000000e+00
	0.000000000000000e+00
	-4.482417734590072e-07

 219	1.368851684397275e-07
	0.000000000000000e+00
	3.300000000000000e+00
	3.300000000000000e+00
	0.000000000000000e+00
	2.054267854694619e-07

 220	1.378851684397275e-07
	0.000000000000000e+00
	3.300000000000000e+00
	3.300000000000000e+00
	0.000000000000000e+00
	4.411414913675638e-07

 221	1.388851684397275e-07
	0.000000000000000e+00
	3.300000000000000e+00
	3.300000000000000e+00
	0.000000000000000e+00
	-5.847421163454602e-07

 222	1.390000000000000e-07
	0.000000000000000e+00
	3.300000000000000e+00
	3.300000000000000e+00
	0.000000000000000e+00
	2.665887860492377e-06

 223	1.390798266324911e-07
	0.000000000000000e+00
	3.300000000000000e+00
	3.300000000000000e+00
	2.634278872205676e-01
	7.050009446868399e-06

 224	1.392394798974733e-07
	0.000000000000000e+00
	3.300000000000000e+00
	3.300000000000000e+00
	7.902836616617247e-01
	-1.143287915033389e-04

 225	1.395587864274376e-07
	0.000000000000000e+00
	3.300000000000000e+00
	3.300000000000000e+00
	1.843995210544039e+00
	-2.345975453004016e-04

 226	1.398752969700947e-07
	0.000000000000000e+00
	3.300000000000000e+00
	3.300000000000000e+00
	2.888480001312541e+00
	2.811118701881860e-04

 227	1.400000000000000e-07
	0.000000000000000e+00
	3.300000000000000e+00
	3.300000000000000e+00
	3.299999999999975e+00
	6.035357987859147e-04

 228	1.400345704191842e-07
	0.000000000000000e+00
	3.300000000000000e+00
	3.300000000000000e+00
	3.300000000000000e+00
	1.586998413146273e-04

 229	1.401037112575524e-07
	0.000000000000000e+00
	3.300000000000000e+00
	3.300000000000000e+00
	3.300000000000000e+00
	-1.785022773640316e-04

 230	1.402419929342890e-07
	0.000000000000000e+00
	3.300000000000000e+00
	3.300000000000000e+00
	3.300000000000000e+00
	9.623324054065796e-05

 231	1.405185562877621e-07
	0.000000000000000e+00
	3.300000000000000e+00
	3.300000000000000e+00
	3.300000000000000e+00
	-6.661981861786487e-05

 232	1.410037078230072e-07
	0.000000000000000e+00
	3.300000000000000e+00
	3.300000000000000e+00
	3.300000000000000e+00
	5.307812262738201e-05

 233	1.419740108934974e-07
	0.000000000000000e+00
	3.300000000000000e+00
	3.300000000000000e+00
	3.300000000000000e+00
	-4.670584522596839e-05

 234	1.429740108934974e-07
	0.000000000000000e+00
	3.300000000000000e+00
	3.300000000000000e+00
	3.300000000000000e+00
	4.134679734681818e-05

 235	1.439740108934974e-07
	0.000000000000000e+00
	3.300000000000000e+00
	3.300000000000000e+00
	3.300000000000000e+00
	-3.595814230233571e-05

 236	1.449740108934974e-07
	0.000000000000000e+00
	3.300000000000000e+00
	3.300000000000000e+00
	3.300000000000000e+00
	3.136758007454485e-05

 237	1.459740108934974e-07
	0.000000000000000e+00
	3.300000000000000e+00
	3.300000000000000e+00
	3.300000000000000e+00
	-2.669394016682931e-05

 238	1.469740108934973e-07
	0.000000000000000e+00
	3.300000000000000e+00
	3.300000000000000e+00
	3.300000000000000e+00
	2.278659860058090e-05

 239	1.479740108934973e-07
	0.000000000000000e+00
	3.300000000000000e+00
	3.300000000000000e+00
	3.300000000000000e+00
	-1.875396176471630e-05

 240	1.489740108934973e-07
	0.000000000000000e+00
	3.300000000000000e+00
	3.300000000000000e+00
	3.300000000000000e+00
	1.545236536760856e-05

 241	1.499740108934973e-07
	0.000000000000000e+00
	3.300000000000000e+00
	3.300000000000000e+00
	3.300000000000000e+00
	-1.199294618405358e-05

 242	1.509740108934973e-07
	0.000000000000000e+00
	3.300000000000000e+00
	3.300000000000000e+00
	3.300000000000000e+00
	9.226575064266371e-06

 243	1.519740108934973e-07
	0.000000000000000e+00
	3.300000000000000e+00
	3.300000000000000e+00
	3.300000000000000e+00
	-6.272575536698036e-06

 244	1.529740108934973e-07
	0.000000000000000e+00
	3.300000000000000e+00
	3.300000000000000e+00
	3.300000000000000e+00
	3.980193989597605e-06

 245	1.539740108934973e-07
	0.000000000000000e+00
	3.300000000000000e+00
	3.300000000000000e+00
	3.300000000000000e+00
	-1.471884347152216e-06

 246	1.549740108934973e-07
	0.000000000000000e+00
	3.300000000000000e+00
	3.300000000000000e+00
	3.300000000000000e+00
	-4.036333229092554e-07

 247	1.559740108934973e-07
	0.000000000000000e+00
	3.300000000000000e+00
	3.300000000000000e+00
	3.300000000000000e+00
	2.520589911922042e-06

 248	1.569740108934973e-07
	0.000000000000000e+00
	3.300000000000000e+00
	3.300000000000000e+00
	3.300000000000000e+00
	-4.030881321677449e-06

 249	1.579740108934973e-07
	0.000000000000000e+00
	3.300000000000000e+00
	3.300000000000000e+00
	3.300000000000000e+00
	5.805611695726409e-06

 250	1.589740108934973e-07
	0.000000000000000e+00
	3.300000000000000e+00
	3.300000000000000e+00
	3.300000000000000e+00
	-6.997195303814693e-06

 251	1.590000000000000e-07
	0.000000000000000e+00
	3.300000000000000e+00
	3.300000000000000e+00
	3.300000000000000e+00
	1.741913220262847e-05

 252	1.590519782130054e-07
	1.715281029178829e-01
	3.300000000000000e+00
	3.300000000000000e+00
	3.300000000000000e+00
	4.790466266423182e-04

 253	1.591559346390163e-07
	5.145843087536486e-01
	3.300000000000000e+00
	3.300000000000000e+00
	3.300000000000000e+00
	5.263452878929986e-05

 254	1.593050210524473e-07
	1.006569473076000e+00
	3.300000000000000e+00
	3.300000000000000e+00
	3.300000000000000e+00
	-1.508175504317157e-02

 255	1.594541213742073e-07
	1.498600534884085e+00
	3.300000000000000e+00
	3.300000000000000e+00
	3.300000000000000e+00
	2.223933596926483e-01

 256	1.595893559887322e-07
	1.944874762816126e+00
	3.300000000000000e+00
	3.300000000000000e+00
	3.300000000000000e+00
	2.723189882454560e+00

 257	1.597086887801816e-07
	2.338672974599377e+00
	3.300000000000000e+00
	3.300000000000000e+00
	3.300000000000000e+00
	3.555129315827456e+00

 258	1.598251879322590e-07
	2.723120176454676e+00
	3.300000000000000e+00
	3.300000000000000e+00
	3.300000000000000e+00
	3.162973136497957e+00

 259	1.599466873291994e-07
	3.124068186357843e+00
	3.300000000000000e+00
	3.300000000000000e+00
	3.300000000000000e+00
	3.374192715488173e+00

 260	1.600000000000000e-07
	3.300000000000000e+00
	3.300000000000000e+00
	3.300000000000000e+00
	3.300000000000000e+00
	3.282392172956980e+00

 261	1.600145327457169e-07
	3.300000000000000e+00
	3.252041939134269e+00
	3.252041939134269e+00
	3.252041939134269e+00
	3.289448795358656e+00

 262	1.600435982371507e-07
	3.300000000000000e+00
	3.156125817402808e+00
	3.156125817402808e+00
	3.156125817402808e+00
	3.297149871318585e+00

 263	1.601017292200182e-07
	3.300000000000000e+00
	2.964293573939884e+00
	2.964293573939884e+00
	2.964293573939884e+00
	3.300091253088819e+00

 264	1.602179911857534e-07
	3.300000000000000e+00
	2.580629087013949e+00
	2.580629087013949e+00
	2.580629087013949e+00
	3.301992747252515e+00

 265	1.604505151172236e-07
	3.300000000000000e+00
	1.813300113162080e+00
	1.813300113162080e+00
	1.813300113162080e+00
	3.304289277877865e+00

 266	1.606836100722177e-07
	3.300000000000000e+00
	1.044086761681478e+00
	1.044086761681478e+00
	1.044086761681478e+00
	3.484224527380541e-01

 267	1.608601911146952e-07
	3.300000000000000e+00
	4.613693215057642e-01
	4.613693215057642e-01
	4.613693215057642e-01
	-1.981885799110638e-01

 268	1.610000000000000e-07
	3.300000000000000e+00
	1.421085471520200e-14
	1.421085471520200e-14
	1.421085471520200e-14
	1.193550444406285e-01

 269	1.610183483730481e-07
	3.300000000000000e+00
	0.000000000000000e+00
	0.000000000000000e+00
	0.000000000000000e+00
	5.751037723375960e-02

 270	1.610550451191442e-07
	3.300000000000000e+00
	0.000000000000000e+00
	0.000000000000000e+00
	0.000000000000000e+00
	2.899369228231752e-03

 271	1.611284386113364e-07
	3.300000000000000e+00
	0.000000000000000e+00
	0.000000000000000e+00
	0.000000000000000e+00
	3.353691519447505e-04

 272	1.612752255957208e-07
	3.300000000000000e+00
	0.000000000000000e+00
	0.000000000000000e+00
	0.000000000000000e+00
	-5.939348622814727e-04

 273	1.614707731121666e-07
	3.300000000000000e+00
	0.000000000000000e+00
	0.000000000000000e+00
	0.000000000000000e+00
	6.955207126695395e-04

 274	1.618618681450580e-07
	3.300000000000000e+00
	0.000000000000000e+00
	0.000000000000000e+00
	0.000000000000000e+00
	-7.230459931782847e-04

 275	1.626440582108410e-07
	3.300000000000000e+00
	0.000000000000000e+00
	0.000000000000000e+00
	0.000000000000000e+00
	7.332680734067638e-04

 276	1.636440582108410e-07
	3.300000000000000e+00
	0.000000000000000e+00
	0.000000000000000e+00
	0.000000000000000e+00
	-7.391030406271142e-04

 277	1.646440582108410e-07
	3.300000000000000e+00
	0.000000000000000e+00
	0.000000000000000e+00
	0.000000000000000e+00
	7.443013982975939e-04

 278	1.656440582108410e-07
	3.300000000000000e+00
	0.000000000000000e+00
	0.000000000000000e+00
	0.000000000000000e+00
	-7.477581719944164e-04

 279	1.666440582108410e-07
	3.300000000000000e+00
	0.000000000000000e+00
	0.000000000000000e+00
	0.000000000000000e+00
	7.507841327494269e-04

 280	1.676440582108410e-07
	3.300000000000000e+00
	0.000000000000000e+00
	0.000000000000000e+00
	0.000000000000000e+00
	-7.522930919421928e-04

 281	1.686440582108410e-07
	3.300000000000000e+00
	0.000000000000000e+00
	0.000000000000000e+00
	0.000000000000000e+00
	7.535435800103719e-04

 282	1.696440582108410e-07
	3.300000000000000e+00
	0.000000000000000e+00
	0.000000000000000e+00
	0.000000000000000e+00
	-7.534669138608754e-04

 283	1.706440582108410e-07
	3.300000000000000e+00
	0.000000000000000e+00
	0.000000000000000e+00
	0.000000000000000e+00
	7.532758200769589e-04

 284	1.716440582108410e-07
	3.300000000000000e+00
	0.000000000000000e+00
	0.000000000000000e+00
	0.000000000000000e+00
	-7.519175542874575e-04

 285	1.726440582108409e-07
	3.300000000000000e+00
	0.000000000000000e+00
	0.000000000000000e+00
	0.000000000000000e+00
	7.505647954010979e-04

 286	1.736440582108409e-07
	3.300000000000000e+00
	0.000000000000000e+00
	0.000000000000000e+00
	0.000000000000000e+00
	-7.481792235503274e-04

 287	1.746440582108409e-07
	3.300000000000000e+00
	0.000000000000000e+00
	0.000000000000000e+00
	0.000000000000000e+00
	7.458986558718968e-04

 288	1.756440582108409e-07
	3.300000000000000e+00
	0.000000000000000e+00
	0.000000000000000e+00
	0.000000000000000e+00
	-7.426978240279210e-04

 289	1.766440582108409e-07
	3.300000000000000e+00
	0.000000000000000e+00
	0.000000000000000e+00
	0.000000000000000e+00
	7.396841356887805e-04

 290	1.776440582108409e-07
	3.300000000000000e+00
	0.000000000000000e+00
	0.000000000000000e+00
	0.000000000000000e+00
	-7.358441244990441e-04

 291	1.786440582108409e-07
	3.300000000000000e+00
	0.000000000000000e+00
	0.000000000000000e+00
	0.000000000000000e+00
	7.322588360534742e-04

 292	1.790000000000000e-07
	3.300000000000000e+00
	0.000000000000000e+00
	0.000000000000000e+00
	0.000000000000000e+00
	-7.199559041244571e-04

 293	1.791000000000000e-07
	3.300000000000000e+00
	0.000000000000000e+00
	0.000000000000000e+00
	3.300000000000139e-01
	7.068169158346016e-06

 294	1.793000000000000e-07
	3.300000000000000e+00
	0.000000000000000e+00
	0.000000000000000e+00
	9.899999999999760e-01
	-1.396177250963249e-04

 295	1.795729940351634e-07
	3.300000000000000e+00
	0.000000000000000e+00
	0.000000000000000e+00
	1.890880316039212e+00
	-2.593097401234964e-04

 296	1.798396297105412e-07
	3.300000000000000e+00
	0.000000000000000e+00
	0.000000000000000e+00
	2.770778044785910e+00
	2.793676776491269e-04

 297	1.800000000000000e-07
	3.300000000000000e+00
	0.000000000000000e+00
	0.000000000000000e+00
	3.299999999999975e+00
	5.019820193699828e-04

 298	1.800402555081857e-07
	3.300000000000000e+00
	0.000000000000000e+00
	0.000000000000000e+00
	3.300000000000000e+00
	1.149427157212946e-04

 299	1.801207665245573e-07
	3.300000000000000e+00
	0.000000000000000e+00
	0.000000000000000e+00
	3.300000000000000e+00
	-1.515755984725226e-04

 300	1.802817885573003e-07
	3.300000000000000e+00
	0.000000000000000e+00
	0.000000000000000e+00
	3.300000000000000e+00
	9.990932798215751e-05

 301	1.806038326227864e-07
	3.300000000000000e+00
	0.000000000000000e+00
	0.000000000000000e+00
	3.300000000000000e+00
	-7.249061049081559e-05

 302	1.812479207537585e-07
	3.300000000000000e+00
	0.000000000000000e+00
	0.000000000000000e+00
	3.300000000000000e+00
	6.331774138649757e-05

 303	1.822479207537585e-07
	3.300000000000000e+00
	0.000000000000000e+00
	0.000000000000000e+00
	3.300000000000000e+00
	-5.651243407991599e-05

 304	1.832479207537585e-07
	3.300000000000000e+00
	0.000000000000000e+00
	0.000000000000000e+00
	3.300000000000000e+00
	5.100459049965471e-05

 305	1.842479207537585e-07
	3.300000000000000e+00
	0.000000000000000e+00
	0.000000000000000e+00
	3.300000000000000e+00
	-4.521825530971746e-05

 306	1.852479207537585e-07
	3.300000000000000e+00
	0.000000000000000e+00
	0.000000000000000e+00
	3.300000000000000e+00
	4.033142758983442e-05

 307	1.862479207537585e-07
	3.300000000000000e+00
	0.000000000000000e+00
	0.000000000000000e+00
	3.300000000000000e+00
	-3.527834280962240e-05

 308	1.872479207537585e-07
	3.300000000000000e+00
	0.000000000000000e+00
	0.000000000000000e+00
	3.300000000000000e+00
	3.102900450708927e-05

 309	1.882479207537585e-07
	3.300000000000000e+00
	0.000000000000000e+00
	0.000000000000000e+00
	3.300000000000000e+00
	-2.662460105327426e-05

 310	1.892479207537584e-07
	3.300000000000000e+00
	0.000000000000000e+00
	0.000000000000000e+00
	3.300000000000000e+00
	2.297063603910396e-05

 311	1.902479207537584e-07
	3.300000000000000e+00
	0.000000000000000e+00
	0.000000000000000e+00
	3.300000000000000e+00
	-1.914969656485049e-05

 312	1.912479207537584e-07
	3.300000000000000e+00
	0.000000000000000e+00
	0.000000000000000e+00
	3.300000000000000e+00
	1.603896796388733e-05

 313	1.922479207537584e-07
	3.300000000000000e+00
	0.000000000000000e+00
	0.000000000000000e+00
	3.300000000000000e+00
	-1.274184718309986e-05

 314	1.932479207537584e-07
	3.300000000000000e+00
	0.000000000000000e+00
	0.000000000000000e+00
	3.300000000000000e+00
	1.011898857244606e-05

 315	1.942479207537584e-07
	3.300000000000000e+00
	0.000000000000000e+00
	0.000000000000000e+00
	3.300000000000000e+00
	-7.291257744904828e-06

 316	1.952479207537584e-07
	3.300000000000000e+00
	0.000000000000000e+00
	0.000000000000000e+00
	3.300000000000000e+00
	5.105932498937482e-06

 317	1.962479207537584e-07
	3.300000000000000e+00
	0.000000000000000e+00
	0.000000000000000e+00
	3.300000000000000e+00
	-2.692796814248583e-06

 318	1.972479207537584e-07
	3.300000000000000e+00
	0.000000000000000e+00
	0.000000000000000e+00
	3.300000000000000e+00
	8.953840751474429e-07

 319	1.982479207537584e-07
	3.300000000000000e+00
	0.000000000000000e+00
	0.000000000000000e+00
	3.300000000000000e+00
	1.151932748211584e-06

 320	1.990000000000000e-07
	3.300000000000000e+00
	0.000000000000000e+00
	0.000000000000000e+00
	3.300000000000000e+00
	-3.124280250408132e-06

 321	1.991000000000000e-07
	3.300000000000000e+00
	0.000000000000000e+00
	3.299999999999811e-01
	3.300000000000000e+00
	2.836669050679461e-04

 322	1.993000000000000e-07
	3.300000000000000e+00
	0.000000000000000e+00
	9.899999999999434e-01
	3.300000000000000e+00
	-4.560167763886583e-04

 323	1.997000000000000e-07
	3.300000000000000e+00
	0.000000000000000e+00
	2.309999999999955e+00
	3.300000000000000e+00
	3.699550127223596e-04

 324	2.000000000000000e-07
	3.300000000000000e+00
	0.000000000000000e+00
	3.299999999999942e+00
	3.300000000000000e+00
	-3.025534642927125e-04

 325	2.000484991562702e-07
	3.300000000000000e+00
	0.000000000000000e+00
	3.300000000000000e+00
	3.139952784308322e+00
	-3.990819106907684e-04

 326	2.001454974688106e-07
	3.300000000000000e+00
	0.000000000000000e+00
	3.300000000000000e+00
	2.819858352924880e+00
	2.396901294069997e-04

 327	2.003394940938915e-07
	3.300000000000000e+00
	0.000000000000000e+00
	3.300000000000000e+00
	2.179669490158082e+00
	7.125261086694118e-05

 328	2.006186846321651e-07
	3.300000000000000e+00
	0.000000000000000e+00
	3.300000000000000e+00
	1.258340713855085e+00
	1.915374469385403e-04

 329	2.009700780844438e-07
	3.300000000000000e+00
	0.000000000000000e+00
	3.300000000000000e+00
	9.874232133548855e-02
	8.611354228628409e-05

 330	2.010000000000000e-07
	3.300000000000000e+00
	0.000000000000000e+00
	3.300000000000000e+00
	1.421085471520200e-14
	-7.731122173215699e-04

 331	2.010190793345292e-07
	3.300000000000000e+00
	0.000000000000000e+00
	3.300000000000000e+00
	0.000000000000000e+00
	-7.488113039940958e-04

 332	2.010572380035877e-07
	3.300000000000000e+00
	0.000000000000000e+00
	3.300000000000000e+00
	0.000000000000000e+00
	-5.922106557233742e-04

 333	2.011335553417047e-07
	3.300000000000000e+00
	0.000000000000000e+00
	3.300000000000000e+00
	0.000000000000000e+00
	-2.059137644654097e-04

 334	2.012861900179386e-07
	3.300000000000000e+00
	0.000000000000000e+00
	3.300000000000000e+00
	0.000000000000000e+00
	3.303166575854138e-05

 335	2.014953584588994e-07
	3.300000000000000e+00
	0.000000000000000e+00
	3.300000000000000e+00
	0.000000000000000e+00
	-1.651290273665257e-05

 336	2.018260469911634e-07
	3.300000000000000e+00
	0.000000000000000e+00
	3.300000000000000e+00
	0.000000000000000e+00
	1.219648123809008e-05

 337	2.024511451553932e-07
	3.300000000000000e+00
	0.000000000000000e+00
	3.300000000000000e+00
	0.000000000000000e+00
	-9.488624976742438e-06

 338	2.034511451553932e-07
	3.300000000000000e+00
	0.000000000000000e+00
	3.300000000000000e+00
	0.000000000000000e+00
	8.923043235933154e-06

 339	2.044511451553932e-07
	3.300000000000000e+00
	0.000000000000000e+00
	3.300000000000000e+00
	0.000000000000000e+00
	-7.666102762106039e-06

 340	2.054511451553932e-07
	3.300000000000000e+00
	0.000000000000000e+00
	3.300000000000000e+00
	0.000000000000000e+00
	7.169405020858444e-06

 341	2.064511451553932e-07
	3.300000000000000e+00
	0.000000000000000e+00
	3.300000000000000e+00
	0.000000000000000e+00
	-6.181736652602701e-06

 342	2.074511451553932e-07
	3.300000000000000e+00
	0.000000000000000e+00
	3.300000000000000e+00
	0.000000000000000e+00
	5.837157527424988e-06

 343	2.084511451553932e-07
	3.300000000000000e+00
	0.000000000000000e+00
	3.300000000000000e+00
	0.000000000000000e+00
	-5.028616863309368e-06

 344	2.094511451553932e-07
	3.300000000000000e+00
	0.000000000000000e+00
	3.300000000000000e+00
	0.000000000000000e+00
	4.813445721318574e-06

 345	2.104511451553932e-07
	3.300000000000000e+00
	0.000000000000000e+00
	3.300000000000000e+00
	0.000000000000000e+00
	-4.110418482024952e-06

 346	2.114511451553932e-07
	3.300000000000000e+00
	0.000000000000000e+00
	3.300000000000000e+00
	0.000000000000000e+00
	3.981740867924424e-06

 347	2.124511451553932e-07
	3.300000000000000e+00
	0.000000000000000e+00
	3.300000000000000e+00
	0.000000000000000e+00
	-3.369571752637884e-06

 348	2.134511451553932e-07
	3.300000000000000e+00
	0.000000000000000e+00
	3.300000000000000e+00
	0.000000000000000e+00
	3.307143108538177e-06

 349	2.144511451553932e-07
	3.300000000000000e+00
	0.000000000000000e+00
	3.300000000000000e+00
	0.000000000000000e+00
	-2.762481972931954e-06

 350	2.154511451553932e-07
	3.300000000000000e+00
	0.000000000000000e+00
	3.300000000000000e+00
	0.000000000000000e+00
	2.751025472397250e-06

 351	2.164511451553932e-07
	3.300000000000000e+00
	0.000000000000000e+00
	3.300000000000000e+00
	0.000000000000000e+00
	-2.256837233521186e-06

 352	2.174511451553931e-07
	3.300000000000000e+00
	0.000000000000000e+00
	3.300000000000000e+00
	0.000000000000000e+00
	2.286382409502283e-06

 353	2.184511451553931e-07
	3.300000000000000e+00
	0.000000000000000e+00
	3.300000000000000e+00
	0.000000000000000e+00
	-1.830160847983778e-06

 354	2.190000000000000e-07
	3.300000000000000e+00
	0.000000000000000e+00
	3.300000000000000e+00
	0.000000000000000e+00
	1.759575878002018e-06

 355	2.191000000000000e-07
	3.300000000000000e+00
	0.000000000000000e+00
	3.300000000000000e+00
	3.300000000000139e-01
	5.632054063682557e-06

 356	2.193000000000000e-07
	3.300000000000000e+00
	0.000000000000000e+00
	3.300000000000000e+00
	9.899999999999760e-01
	-1.567403098834547e-04

 357	2.195744241023888e-07
	3.300000000000000e+00
	0.000000000000000e+00
	3.300000000000000e+00
	1.895599537882959e+00
	-2.658635331506398e-04

 358	2.198449670799145e-07
	3.300000000000000e+00
	0.000000000000000e+00
	3.300000000000000e+00
	2.788391363717946e+00
	3.700439609412506e-04

 359	2.200000000000000e-07
	3.300000000000000e+00
	0.000000000000000e+00
	3.300000000000000e+00
	3.299999999999975e+00
	4.708269356519246e-04

 360	2.200387778622175e-07
	3.300000000000000e+00
	0.000000000000000e+00
	3.300000000000000e+00
	3.300000000000000e+00
	4.976123380459607e-05

 361	2.201163335866525e-07
	3.300000000000000e+00
	0.000000000000000e+00
	3.300000000000000e+00
	3.300000000000000e+00
	-1.924178321191655e-04

 362	2.202714450355225e-07
	3.300000000000000e+00
	0.000000000000000e+00
	3.300000000000000e+00
	3.300000000000000e+00
	1.222492550101567e-04

 363	2.205816679332625e-07
	3.300000000000000e+00
	0.000000000000000e+00
	3.300000000000000e+00
	3.300000000000000e+00
	-9.211112452520154e-05

 364	2.212021137287424e-07
	3.300000000000000e+00
	0.000000000000000e+00
	3.300000000000000e+00
	3.300000000000000e+00
	7.919683138270586e-05

 365	2.222021137287424e-07
	3.300000000000000e+00
	0.000000000000000e+00
	3.300000000000000e+00
	3.300000000000000e+00
	-7.140903461764700e-05

 366	2.232021137287424e-07
	3.300000000000000e+00
	0.000000000000000e+00
	3.300000000000000e+00
	3.300000000000000e+00
	6.449869200492696e-05

 367	2.242021137287424e-07
	3.300000000000000e+00
	0.000000000000000e+00
	3.300000000000000e+00
	3.300000000000000e+00
	-5.757985781437540e-05

 368	2.252021137287424e-07
	3.300000000000000e+00
	0.000000000000000e+00
	3.300000000000000e+00
	3.300000000000000e+00
	5.151201401526299e-05

 369	2.262021137287424e-07
	3.300000000000000e+00
	0.000000000000000e+00
	3.300000000000000e+00
	3.300000000000000e+00
	-4.541427792106346e-05

 370	2.272021137287424e-07
	3.300000000000000e+00
	0.000000000000000e+00
	3.300000000000000e+00
	3.300000000000000e+00
	4.013095079723195e-05

 371	2.282021137287424e-07
	3.300000000000000e+00
	0.000000000000000e+00
	3.300000000000000e+00
	3.300000000000000e+00
	-3.479252033371238e-05

 372	2.292021137287424e-07
	3.300000000000000e+00
	0.000000000000000e+00
	3.300000000000000e+00
	3.300000000000000e+00
	3.023599547349876e-05

 373	2.302021137287424e-07
	3.300000000000000e+00
	0.000000000000000e+00
	3.300000000000000e+00
	3.300000000000000e+00
	-2.559319836497112e-05

 374	2.312021137287424e-07
	3.300000000000000e+00
	0.000000000000000e+00
	3.300000000000000e+00
	3.300000000000000e+00
	2.169970739845407e-05

 375	2.322021137287424e-07
	3.300000000000000e+00
	0.000000000000000e+00
	3.300000000000000e+00
	3.300000000000000e+00
	-1.768840637385652e-05

 376	2.332021137287424e-07
	3.300000000000000e+00
	0.000000000000000e+00
	3.300000000000000e+00
	3.300000000000000e+00
	1.439415743331902e-05

 377	2.342021137287424e-07
	3.300000000000000e+00
	0.000000000000000e+00
	3.300000000000000e+00
	3.300000000000000e+00
	-1.095309492678970e-05

 378	2.352021137287424e-07
	3.300000000000000e+00
	0.000000000000000e+00
	3.300000000000000e+00
	3.300000000000000e+00
	8.194173418869105e-06

 379	2.362021137287424e-07
	3.300000000000000e+00
	0.000000000000000e+00
	3.300000000000000e+00
	3.300000000000000e+00
	-5.260703274237444e-06

 380	2.372021137287424e-07
	3.300000000000000e+00
	0.000000000000000e+00
	3.300000000000000e+00
	3.300000000000000e+00
	2.980291026154214e-06

 381	2.382021137287424e-07
	3.300000000000000e+00
	0.000000000000000e+00
	3.300000000000000e+00
	3.300000000000000e+00
	-4.968428014909265e-07

 382	2.390000000000000e-07
	3.300000000000000e+00
	0.000000000000000e+00
	3.300000000000000e+00
	3.300000000000000e+00
	-1.854308719123968e-06

 383	2.391000000000000e-07
	3.300000000000000e+00
	3.300000000000248e-01
	3.300000000000000e+00
	3.300000000000000e+00
	3.357000094800916e-04

 384	2.391250000000000e-07
	3.300000000000000e+00
	4.125000000000310e-01
	3.300000000000000e+00
	3.300000000000000e+00
	2.485098510935368e-04

 385	2.391750000000000e-07
	3.300000000000000e+00
	5.775000000000434e-01
	3.300000000000000e+00
	3.300000000000000e+00
	4.173737757648399e-05

 386	2.392750000000000e-07
	3.300000000000000e+00
	9.075000000000683e-01
	3.300000000000000e+00
	3.300000000000000e+00
	-1.165014420898068e-02

 387	2.393718783783781e-07
	3.300000000000000e+00
	1.227198648647796e+00
	3.300000000000000e+00
	3.300000000000000e+00
	-2.117647945420960e-02

 388	2.394768960470880e-07
	3.300000000000000e+00
	1.573756955390299e+00
	3.300000000000000e+00
	3.300000000000000e+00
	1.210423981054729e-01

 389	2.396421839750563e-07
	3.300000000000000e+00
	2.119207117685883e+00
	3.300000000000000e+00
	3.300000000000000e+00
	2.762271449487016e+00

 390	2.397688000521792e-07
	3.300000000000000e+00
	2.537040172191368e+00
	3.300000000000000e+00
	3.300000000000000e+00
	3.542182505591654e+00

 391	2.399064697258490e-07
	3.300000000000000e+00
	2.991350095301628e+00
	3.300000000000000e+00
	3.300000000000000e+00
	3.160710223832930e+00

 392	2.400000000000000e-07
	3.300000000000000e+00
	3.299999999999899e+00
	3.300000000000000e+00
	3.300000000000000e+00
	3.361003494374666e+00

 393	2.400137523134362e-07
	3.300000000000000e+00
	3.300000000000000e+00
	3.254617365660735e+00
	3.254617365660735e+00
	3.331785169813551e+00

 394	2.400412569403085e-07
	3.300000000000000e+00
	3.300000000000000e+00
	3.163852096982030e+00
	3.163852096982030e+00
	3.301117616341219e+00

 395	2.400962661940532e-07
	3.300000000000000e+00
	3.300000000000000e+00
	2.982321559624620e+00
	2.982321559624620e+00
	3.299496906204410e+00

 396	2.402062847015425e-07
	3.300000000000000e+00
	3.300000000000000e+00
	2.619260484909799e+00
	2.619260484909799e+00
	3.301078222983436e+00

 397	2.404263217165212e-07
	3.300000000000000e+00
	3.300000000000000e+00
	1.893138335480159e+00
	1.893138335480159e+00
	3.305110814372230e+00

 398	2.406822717499238e-07
	3.300000000000000e+00
	3.300000000000000e+00
	1.048503225251617e+00
	1.048503225251617e+00
	7.003986924670562e-01

 399	2.408652651741372e-07
	3.300000000000000e+00
	3.300000000000000e+00
	4.446249253473313e-01
	4.446249253473313e-01
	2.216856408495657e+00

 400	2.410000000000000e-07
	3.300000000000000e+00
	3.300000000000000e+00
	1.016964290556643e-13
	1.016964290556643e-13
	3.558984777547962e+00

 401	2.410178651104497e-07
	3.300000000000000e+00
	3.300000000000000e+00
	0.000000000000000e+00
	0.000000000000000e+00
	3.428961190254354e+00

 402	2.410535953313491e-07
	3.300000000000000e+00
	3.300000000000000e+00
	0.000000000000000e+00
	0.000000000000000e+00
	3.299188071701510e+00

 403	2.411250557731480e-07
	3.300000000000000e+00
	3.300000000000000e+00
	0.000000000000000e+00
	0.000000000000000e+00
	3.301314137676360e+00

 404	2.412663758693177e-07
	3.300000000000000e+00
	3.300000000000000e+00
	0.000000000000000e+00
	0.000000000000000e+00
	3.299036301096788e+00

 405	2.414191626552993e-07
	3.300000000000000e+00
	3.300000000000000e+00
	0.000000000000000e+00
	0.000000000000000e+00
	3.300673643780109e+00

 406	2.417247362272625e-07
	3.300000000000000e+00
	3.300000000000000e+00
	0.000000000000000e+00
	0.000000000000000e+00
	3.299443251541713e+00

 407	2.423358833711889e-07
	3.300000000000000e+00
	3.300000000000000e+00
	0.000000000000000e+00
	0.000000000000000e+00
	3.300504482441281e+00

 408	2.433358833711890e-07
	3.300000000000000e+00
	3.300000000000000e+00
	0.000000000000000e+00
	0.000000000000000e+00
	3.299525304501085e+00

 409	2.443358833711890e-07
	3.300000000000000e+00
	3.300000000000000e+00
	0.000000000000000e+00
	0.000000000000000e+00
	3.300446189536391e+00

 410	2.453358833711890e-07
	3.300000000000000e+00
	3.300000000000000e+00
	0.000000000000000e+00
	0.000000000000000e+00
	3.299580708366642e+00

 411	2.463358833711890e-07
	3.300000000000000e+00
	3.300000000000000e+00
	0.000000000000000e+00
	0.000000000000000e+00
	3.300393539454016e+00

 412	2.473358833711890e-07
	3.300000000000000e+00
	3.300000000000000e+00
	0.000000000000000e+00
	0.000000000000000e+00
	3.299630696422518e+00

 413	2.483358833711891e-07
	3.300000000000000e+00
	3.300000000000000e+00
	0.000000000000000e+00
	0.000000000000000e+00
	3.300346103965324e+00

 414	2.493358833711891e-07
	3.300000000000000e+00
	3.300000000000000e+00
	0.000000000000000e+00
	0.000000000000000e+00
	3.299675681864793e+00

 415	2.503358833711891e-07
	3.300000000000000e+00
	3.300000000000000e+00
	0.000000000000000e+00
	0.000000000000000e+00
	3.300303466402982e+00

 416	2.513358833711891e-07
	3.300000000000000e+00
	3.300000000000000e+00
	0.000000000000000e+00
	0.000000000000000e+00
	3.299716074376262e+00

 417	2.523358833711892e-07
	3.300000000000000e+00
	3.300000000000000e+00
	0.000000000000000e+00
	0.000000000000000e+00
	3.300265222094237e+00

 418	2.533358833711892e-07
	3.300000000000000e+00
	3.300000000000000e+00
	0.000000000000000e+00
	0.000000000000000e+00
	3.299752270091430e+00

 419	2.543358833711892e-07
	3.300000000000000e+00
	3.300000000000000e+00
	0.000000000000000e+00
	0.000000000000000e+00
	3.300230983511805e+00

 420	2.553358833711892e-07
	3.300000000000000e+00
	3.300000000000000e+00
	0.000000000000000e+00
	0.000000000000000e+00
	3.299784646252558e+00

 421	2.563358833711892e-07
	3.300000000000000e+00
	3.300000000000000e+00
	0.000000000000000e+00
	0.000000000000000e+00
	3.300200384008199e+00

 422	2.573358833711893e-07
	3.300000000000000e+00
	3.300000000000000e+00
	0.000000000000000e+00
	0.000000000000000e+00
	3.299813558045181e+00

 423	2.583358833711893e-07
	3.300000000000000e+00
	3.300000000000000e+00
	0.000000000000000e+00
	0.000000000000000e+00
	3.300173080079758e+00

 424	2.590000000000001e-07
	3.300000000000000e+00
	3.300000000000000e+00
	0.000000000000000e+00
	1.637817612854995e-13
	3.299845386043348e+00

 425	2.591000000000001e-07
	3.300000000000000e+00
	3.300000000000000e+00
	0.000000000000000e+00
	3.300000000001886e-01
	3.299978498313748e+00

 426	2.593000000000001e-07
	3.300000000000000e+00
	3.300000000000000e+00
	0.000000000000000e+00
	9.900000000002382e-01
	3.299873864262511e+00

 427	2.595649497982408e-07
	3.300000000000000e+00
	3.300000000000000e+00
	0.000000000000000e+00
	1.864334334194579e+00
	3.302038443108644e+00

 428	2.598549350449199e-07
	3.300000000000000e+00
	3.300000000000000e+00
	0.000000000000000e+00
	2.821285648235561e+00
	4.143571228284281e-01

 429	2.600000000000001e-07
	3.300000000000000e+00
	3.300000000000000e+00
	0.000000000000000e+00
	3.300000000000000e+00
	-1.772882680624789e-01

 430	2.600265786144118e-07
	3.300000000000000e+00
	3.300000000000000e+00
	0.000000000000000e+00
	3.300000000000000e+00
	-6.891323918510876e-02

 431	2.600797358432352e-07
	3.300000000000000e+00
	3.300000000000000e+00
	0.000000000000000e+00
	3.300000000000000e+00
	9.563150740633755e-03

 432	2.601860503008820e-07
	3.300000000000000e+00
	3.300000000000000e+00
	0.000000000000000e+00
	3.300000000000000e+00
	-7.513756677532443e-03

 433	2.603834509007375e-07
	3.300000000000000e+00
	3.300000000000000e+00
	0.000000000000000e+00
	3.300000000000000e+00
	6.025771732949922e-03

 434	2.606431567191949e-07
	3.300000000000000e+00
	3.300000000000000e+00
	0.000000000000000e+00
	3.300000000000000e+00
	-5.036229800912430e-03

 435	2.611625683561098e-07
	3.300000000000000e+00
	3.300000000000000e+00
	0.000000000000000e+00
	3.300000000000000e+00
	4.603602901200765e-03

 436	2.621625683561098e-07
	3.300000000000000e+00
	3.300000000000000e+00
	0.000000000000000e+00
	3.300000000000000e+00
	-4.390494542180060e-03

 437	2.631625683561098e-07
	3.300000000000000e+00
	3.300000000000000e+00
	0.000000000000000e+00
	3.300000000000000e+00
	4.189172900356133e-03

 438	2.641625683561099e-07
	3.300000000000000e+00
	3.300000000000000e+00
	0.000000000000000e+00
	3.300000000000000e+00
	-3.994926948825415e-03

 439	2.651625683561099e-07
	3.300000000000000e+00
	3.300000000000000e+00
	0.000000000000000e+00
	3.300000000000000e+00
	3.811362404654009e-03

 440	2.661625683561099e-07
	3.300000000000000e+00
	3.300000000000000e+00
	0.000000000000000e+00
	3.300000000000000e+00
	-3.634620962094800e-03

 441	2.671625683561099e-07
	3.300000000000000e+00
	3.300000000000000e+00
	0.000000000000000e+00
	3.300000000000000e+00
	3.467679507666218e-03

 442	2.681625683561099e-07
	3.300000000000000e+00
	3.300000000000000e+00
	0.000000000000000e+00
	3.300000000000000e+00
	-3.307163917964415e-03

 443	2.691625683561100e-07
	3.300000000000000e+00
	3.300000000000000e+00
	0.000000000000000e+00
	3.300000000000000e+00
	3.155627421807862e-03

 444	2.701625683561100e-07
	3.300000000000000e+00
	3.300000000000000e+00
	0.000000000000000e+00
	3.300000000000000e+00
	-3.010065368599352e-03

 445	2.711625683561100e-07
	3.300000000000000e+00
	3.300000000000000e+00
	0.000000000000000e+00
	3.300000000000000e+00
	2.872712620931436e-03

 446	2.721625683561100e-07
	3.300000000000000e+00
	3.300000000000000e+00
	0.000000000000000e+00
	3.300000000000000e+00
	-2.740864104756904e-03

 447	2.731625683561101e-07
	3.300000000000000e+00
	3.300000000000000e+00
	0.000000000000000e+00
	3.300000000000000e+00
	2.616506934314452e-03

 448	2.741625683561101e-07
	3.300000000000000e+00
	3.300000000000000e+00
	0.000000000000000e+00
	3.300000000000000e+00
	-2.497185323544385e-03

 449	2.751625683561101e-07
	3.300000000000000e+00
	3.300000000000000e+00
	0.000000000000000e+00
	3.300000000000000e+00
	2.384689796192439e-03

 450	2.761625683561101e-07
	3.300000000000000e+00
	3.300000000000000e+00
	0.000000000000000e+00
	3.300000000000000e+00
	-2.276775180102263e-03

 451	2.771625683561101e-07
	3.300000000000000e+00
	3.300000000000000e+00
	0.000000000000000e+00
	3.300000000000000e+00
	2.175073827302008e-03

 452	2.781625683561102e-07
	3.300000000000000e+00
	3.300000000000000e+00
	0.000000000000000e+00
	3.300000000000000e+00
	-2.077520323599844e-03

 453	2.790000000000000e-07
	3.300000000000000e+00
	3.300000000000000e+00
	4.367513634279986e-14
	3.300000000000000e+00
	1.968260861666606e-03

 454	2.791000000000001e-07
	3.300000000000000e+00
	3.300000000000000e+00
	3.300000000000685e-01
	3.300000000000000e+00
	6.776349426722769e-04

 455	2.793000000000001e-07
	3.300000000000000e+00
	3.300000000000000e+00
	9.900000000001181e-01
	3.300000000000000e+00
	-1.176720696754622e-02

 456	2.795328547003692e-07
	3.300000000000000e+00
	3.300000000000000e+00
	1.758420511218189e+00
	3.300000000000000e+00
	1.056644460833240e+00

 457	2.797374017329332e-07
	3.300000000000000e+00
	3.300000000000000e+00
	2.433425718679438e+00
	3.300000000000000e+00
	3.144412591961939e+00

 458	2.799645154163590e-07
	3.300000000000000e+00
	3.300000000000000e+00
	3.182900873984532e+00
	3.300000000000000e+00
	3.410572254552913e+00

 459	2.800000000000000e-07
	3.300000000000000e+00
	3.300000000000000e+00
	3.299999999999942e+00
	3.300000000000000e+00
	3.296491934505268e+00

 460	2.800222350500418e-07
	3.300000000000000e+00
	3.300000000000000e+00
	3.300000000000000e+00
	3.226624334862113e+00
	3.298070787452447e+00

 461	2.800667051501254e-07
	3.300000000000000e+00
	3.300000000000000e+00
	3.300000000000000e+00
	3.079873004586339e+00
	3.299648518011842e+00

 462	2.801556453502925e-07
	3.300000000000000e+00
	3.300000000000000e+00
	3.300000000000000e+00
	2.786370344034790e+00
	3.300129061169022e+00

 463	2.803335257506267e-07
	3.300000000000000e+00
	3.300000000000000e+00
	3.300000000000000e+00
	2.199365022931867e+00
	3.299949669252789e+00

 464	2.805924889702831e-07
	3.300000000000000e+00
	3.300000000000000e+00
	3.300000000000000e+00
	1.344786398065673e+00
	3.299318417155930e+00

 465	2.808762606880926e-07
	3.300000000000000e+00
	3.300000000000000e+00
	3.300000000000000e+00
	4.083397292946205e-01
	3.281171211731254e+00

 466	2.810000000000000e-07
	3.300000000000000e+00
	3.300000000000000e+00
	3.300000000000000e+00
	0.000000000000000e+00
	3.304450944900152e+00

 467	2.810267131314916e-07
	3.300000000000000e+00
	3.300000000000000e+00
	3.300000000000000e+00
	0.000000000000000e+00
	3.302889484854350e+00

 468	2.810801393944748e-07
	3.300000000000000e+00
	3.300000000000000e+00
	3.300000000000000e+00
	0.000000000000000e+00
	3.299879532299403e+00

 469	2.811869919204411e-07
	3.300000000000000e+00
	3.300000000000000e+00
	3.300000000000000e+00
	0.000000000000000e+00
	3.299945765484687e+00

 470	2.814006969723738e-07
	3.300000000000000e+00
	3.300000000000000e+00
	3.300000000000000e+00
	0.000000000000000e+00
	3.300069657486814e+00

 471	2.817347375399729e-07
	3.300000000000000e+00
	3.300000000000000e+00
	3.300000000000000e+00
	0.000000000000000e+00
	3.299922572295602e+00

 472	2.824028186751711e-07
	3.300000000000000e+00
	3.300000000000000e+00
	3.300000000000000e+00
	0.000000000000000e+00
	3.300080387748372e+00

 473	2.834028186751711e-07
	3.300000000000000e+00
	3.300000000000000e+00
	3.300000000000000e+00
	0.000000000000000e+00
	3.299917874643284e+00

 474	2.844028186751711e-07
	3.300000000000000e+00
	3.300000000000000e+00
	3.300000000000000e+00
	0.000000000000000e+00
	3.300083555998264e+00

 475	2.854028186751711e-07
	3.300000000000000e+00
	3.300000000000000e+00
	3.300000000000000e+00
	0.000000000000000e+00
	3.299915143957048e+00

 476	2.864028186751712e-07
	3.300000000000000e+00
	3.300000000000000e+00
	3.300000000000000e+00
	0.000000000000000e+00
	3.300085876944505e+00

 477	2.874028186751712e-07
	3.300000000000000e+00
	3.300000000000000e+00
	3.300000000000000e+00
	0.000000000000000e+00
	3.299913202094391e+00

 478	2.884028186751712e-07
	3.300000000000000e+00
	3.300000000000000e+00
	3.300000000000000e+00
	0.000000000000000e+00
	3.300087466991254e+00

 479	2.894028186751712e-07
	3.300000000000000e+00
	3.300000000000000e+00
	3.300000000000000e+00
	0.000000000000000e+00
	3.299911935315653e+00

 480	2.904028186751712e-07
	3.300000000000000e+00
	3.300000000000000e+00
	3.300000000000000e+00
	0.000000000000000e+00
	3.300088435712605e+00

 481	2.914028186751713e-07
	3.300000000000000e+00
	3.300000000000000e+00
	3.300000000000000e+00
	0.000000000000000e+00
	3.299911238923605e+00

 482	2.924028186751713e-07
	3.300000000000000e+00
	3.300000000000000e+00
	3.300000000000000e+00
	0.000000000000000e+00
	3.300088882338108e+00

 483	2.934028186751713e-07
	3.300000000000000e+00
	3.300000000000000e+00
	3.300000000000000e+00
	0.000000000000000e+00
	3.299911019427920e+00

 484	2.944028186751713e-07
	3.300000000000000e+00
	3.300000000000000e+00
	3.300000000000000e+00
	0.000000000000000e+00
	3.300088894485734e+00

 485	2.954028186751714e-07
	3.300000000000000e+00
	3.300000000000000e+00
	3.300000000000000e+00
	0.000000000000000e+00
	3.299911195003522e+00

 486	2.964028186751714e-07
	3.300000000000000e+00
	3.300000000000000e+00
	3.300000000000000e+00
	0.000000000000000e+00
	3.300088548300752e+00

 487	2.974028186751714e-07
	3.300000000000000e+00
	3.300000000000000e+00
	3.300000000000000e+00
	0.000000000000000e+00
	3.299911694960215e+00

 488	2.984028186751714e-07
	3.300000000000000e+00
	3.300000000000000e+00
	3.300000000000000e+00
	0.000000000000000e+00
	3.300087909238116e+00

 489	2.990000000000000e-07
	3.300000000000000e+00
	3.300000000000000e+00
	3.300000000000000e+00
	0.000000000000000e+00
	3.299912764506621e+00

 490	2.991000000000000e-07
	3.300000000000000e+00
	3.300000000000000e+00
	3.300000000000000e+00
	3.300000000000139e-01
	3.300000794696434e+00

 491	2.993000000000000e-07
	3.300000000000000e+00
	3.300000000000000e+00
	3.300000000000000e+00
	9.900000000000635e-01
	3.299923294588686e+00

 492	2.995745785334439e-07
	3.300000000000000e+00
	3.300000000000000e+00
	3.300000000000000e+00
	1.896109160364776e+00
	3.301155893730273e+00

 493	2.998663002534790e-07
	3.300000000000000e+00
	3.300000000000000e+00
	3.300000000000000e+00
	2.858790836480719e+00
	3.328915936236593e+00

 494	3.000000000000000e-07
	3.300000000000000e+00
	3.300000000000000e+00
	3.300000000000000e+00
	3.300000000000000e+00
	3.292732719077415e+00

 495	3.000292796148345e-07
	3.300000000000000e+00
	3.300000000000000e+00
	3.300000000000000e+00
	3.300000000000000e+00
	3.295543507149449e+00

 496	3.000878388445035e-07
	3.300000000000000e+00
	3.300000000000000e+00
	3.300000000000000e+00
	3.300000000000000e+00
	3.299333483385775e+00

 497	3.002049573038414e-07
	3.300000000000000e+00
	3.300000000000000e+00
	3.300000000000000e+00
	3.300000000000000e+00
	3.300276391276926e+00

 498	3.004391942225172e-07
	3.300000000000000e+00
	3.300000000000000e+00
	3.300000000000000e+00
	3.300000000000000e+00
	3.299794313018309e+00

 499	3.008096479529119e-07
	3.300000000000000e+00
	3.300000000000000e+00
	3.300000000000000e+00
	3.300000000000000e+00
	3.300173338541415e+00

 500	3.015505554137014e-07
	3.300000000000000e+00
	3.300000000000000e+00
	3.300000000000000e+00
	3.300000000000000e+00
	3.299839839365993e+00

 501	3.025505554137014e-07
	3.300000000000000e+00
	3.300000000000000e+00
	3.300000000000000e+00
	3.300000000000000e+00
	3.300150810750548e+00

 502	3.035505554137014e-07
	3.300000000000000e+00
	3.300000000000000e+00
	3.300000000000000e+00
	3.300000000000000e+00
	3.299857013468988e+00

 503	3.045505554137014e-07
	3.300000000000000e+00
	3.300000000000000e+00
	3.300000000000000e+00
	3.300000000000000e+00
	3.300134509761742e+00

 504	3.055505554137015e-07
	3.300000000000000e+00
	3.300000000000000e+00
	3.300000000000000e+00
	3.300000000000000e+00
	3.299872235397463e+00

 505	3.065505554137015e-07
	3.300000000000000e+00
	3.300000000000000e+00
	3.300000000000000e+00
	3.300000000000000e+00
	3.300120349448121e+00

 506	3.075505554137015e-07
	3.300000000000000e+00
	3.300000000000000e+00
	3.300000000000000e+00
	3.300000000000000e+00
	3.299885509720523e+00

 507	3.085505554137015e-07
	3.300000000000000e+00
	3.300000000000000e+00
	3.300000000000000e+00
	3.300000000000000e+00
	3.300107954992909e+00

 508	3.095505554137015e-07
	3.300000000000000e+00
	3.300000000000000e+00
	3.300000000000000e+00
	3.300000000000000e+00
	3.299897409784510e+00

 509	3.105505554137016e-07
	3.300000000000000e+00
	3.300000000000000e+00
	3.300000000000000e+00
	3.300000000000000e+00
	3.300097050907166e+00

 510	3.115505554137016e-07
	3.300000000000000e+00
	3.300000000000000e+00
	3.300000000000000e+00
	3.300000000000000e+00
	3.299907666095899e+00

 511	3.125505554137016e-07
	3.300000000000000e+00
	3.300000000000000e+00
	3.300000000000000e+00
	3.300000000000000e+00
	3.300087393771631e+00

 512	3.135505554137016e-07
	3.300000000000000e+00
	3.300000000000000e+00
	3.300000000000000e+00
	3.300000000000000e+00
	3.299916769980016e+00

 513	3.145505554137017e-07
	3.300000000000000e+00
	3.300000000000000e+00
	3.300000000000000e+00
	3.300000000000000e+00
	3.300078804333467e+00

 514	3.155505554137017e-07
	3.300000000000000e+00
	3.300000000000000e+00
	3.300000000000000e+00
	3.300000000000000e+00
	3.299924882018913e+00

 515	3.165505554137017e-07
	3.300000000000000e+00
	3.300000000000000e+00
	3.300000000000000e+00
	3.300000000000000e+00
	3.300071138240892e+00

 516	3.175505554137017e-07
	3.300000000000000e+00
	3.300000000000000e+00
	3.300000000000000e+00
	3.300000000000000e+00
	3.299932132542346e+00

 517	3.185505554137017e-07
	3.300000000000000e+00
	3.300000000000000e+00
	3.300000000000000e+00
	3.300000000000000e+00
	3.300064277436510e+00

 518	3.195505554137018e-07
	3.300000000000000e+00
	3.300000000000000e+00
	3.300000000000000e+00
	3.300000000000000e+00
	3.299938628834801e+00

 519	3.200000000000000e-07
	3.300000000000000e+00
	3.300000000000000e+00
	3.300000000000000e+00
	3.300000000000000e+00
	3.300054650442786e+00

