Title: * hspice file created from seg_d.ext - technology: tsmc
Date: Fri Apr 28 11:44:35  2017
Plotname: Transient Analysis
Flags: real
No. Variables: 6
No. Points: 568
Variables:
	0	time	time
	1	a	voltage
	2	b	voltage
	3	c	voltage
	4	d	voltage
	5	y	voltage
Values:
 0	0.000000000000000e+00
	3.300000000000000e+00
	3.300000000000000e+00
	3.300000000000000e+00
	3.300000000000000e+00
	3.299999809003424e+00

 1	1.000000000000000e-11
	3.267000000000000e+00
	3.267000000000000e+00
	3.267000000000000e+00
	3.267000000000000e+00
	3.299065974813539e+00

 2	2.000000000000000e-11
	3.234000000000000e+00
	3.234000000000000e+00
	3.234000000000000e+00
	3.234000000000000e+00
	3.298737100451762e+00

 3	4.000000000000000e-11
	3.168000000000000e+00
	3.168000000000000e+00
	3.168000000000000e+00
	3.168000000000000e+00
	3.298705522011400e+00

 4	8.000000000000001e-11
	3.036000000000000e+00
	3.036000000000000e+00
	3.036000000000000e+00
	3.036000000000000e+00
	3.299625307775896e+00

 5	1.600000000000000e-10
	2.772000000000000e+00
	2.772000000000000e+00
	2.772000000000000e+00
	2.772000000000000e+00
	3.300260147256635e+00

 6	3.200000000000000e-10
	2.244000000000000e+00
	2.244000000000000e+00
	2.244000000000000e+00
	2.244000000000000e+00
	3.304992439486827e+00

 7	3.407051032059135e-10
	2.175673159420486e+00
	2.175673159420486e+00
	2.175673159420486e+00
	2.175673159420486e+00
	3.305955586602560e+00

 8	3.821153096177404e-10
	2.039019478261457e+00
	2.039019478261457e+00
	2.039019478261457e+00
	2.039019478261457e+00
	3.307865059165161e+00

 9	4.649357224413943e-10
	1.765712115943399e+00
	1.765712115943399e+00
	1.765712115943399e+00
	1.765712115943399e+00
	3.237929193952821e+00

 10	5.590124958543932e-10
	1.455258763680503e+00
	1.455258763680503e+00
	1.455258763680503e+00
	1.455258763680503e+00
	1.087771897079520e+00

 11	6.508397425363541e-10
	1.152228849630032e+00
	1.152228849630032e+00
	1.152228849630032e+00
	1.152228849630032e+00
	-8.092194067315531e-02

 12	7.376734774942109e-10
	8.656775242691039e-01
	8.656775242691039e-01
	8.656775242691039e-01
	8.656775242691039e-01
	3.493857524007962e-02

 13	8.437375428227237e-10
	5.156661086850121e-01
	5.156661086850121e-01
	5.156661086850121e-01
	5.156661086850121e-01
	-3.222898279806961e-02

 14	9.434584094625714e-10
	1.865872487735145e-01
	1.865872487735145e-01
	1.865872487735145e-01
	1.865872487735145e-01
	5.241776380917139e-02

 15	1.000000000000000e-09
	0.000000000000000e+00
	0.000000000000000e+00
	0.000000000000000e+00
	0.000000000000000e+00
	-2.376336626728169e-02

 16	1.016436751541978e-09
	0.000000000000000e+00
	0.000000000000000e+00
	0.000000000000000e+00
	0.000000000000000e+00
	1.496328413903944e-03

 17	1.049310254625933e-09
	0.000000000000000e+00
	0.000000000000000e+00
	0.000000000000000e+00
	0.000000000000000e+00
	6.566788605056648e-03

 18	1.115057260793844e-09
	0.000000000000000e+00
	0.000000000000000e+00
	0.000000000000000e+00
	0.000000000000000e+00
	-1.635080117058735e-03

 19	1.246551273129665e-09
	0.000000000000000e+00
	0.000000000000000e+00
	0.000000000000000e+00
	0.000000000000000e+00
	2.193940182416913e-03

 20	1.509539297801308e-09
	0.000000000000000e+00
	0.000000000000000e+00
	0.000000000000000e+00
	0.000000000000000e+00
	-1.916376159660331e-03

 21	2.035515347144594e-09
	0.000000000000000e+00
	0.000000000000000e+00
	0.000000000000000e+00
	0.000000000000000e+00
	1.895601107273177e-03

 22	3.035515347144594e-09
	0.000000000000000e+00
	0.000000000000000e+00
	0.000000000000000e+00
	0.000000000000000e+00
	-1.860979836387968e-03

 23	4.035515347144594e-09
	0.000000000000000e+00
	0.000000000000000e+00
	0.000000000000000e+00
	0.000000000000000e+00
	1.836990691580826e-03

 24	5.035515347144594e-09
	0.000000000000000e+00
	0.000000000000000e+00
	0.000000000000000e+00
	0.000000000000000e+00
	-1.809663387707347e-03

 25	6.035515347144594e-09
	0.000000000000000e+00
	0.000000000000000e+00
	0.000000000000000e+00
	0.000000000000000e+00
	1.785643504953655e-03

 26	7.035515347144594e-09
	0.000000000000000e+00
	0.000000000000000e+00
	0.000000000000000e+00
	0.000000000000000e+00
	-1.760369065987520e-03

 27	8.035515347144594e-09
	0.000000000000000e+00
	0.000000000000000e+00
	0.000000000000000e+00
	0.000000000000000e+00
	1.737370893681943e-03

 28	9.035515347144595e-09
	0.000000000000000e+00
	0.000000000000000e+00
	0.000000000000000e+00
	0.000000000000000e+00
	-1.713573617547740e-03

 29	1.003551534714460e-08
	0.000000000000000e+00
	0.000000000000000e+00
	0.000000000000000e+00
	0.000000000000000e+00
	1.691637059730002e-03

 30	1.103551534714460e-08
	0.000000000000000e+00
	0.000000000000000e+00
	0.000000000000000e+00
	0.000000000000000e+00
	-1.669057811350445e-03

 31	1.203551534714460e-08
	0.000000000000000e+00
	0.000000000000000e+00
	0.000000000000000e+00
	0.000000000000000e+00
	1.648111871068806e-03

 32	1.303551534714460e-08
	0.000000000000000e+00
	0.000000000000000e+00
	0.000000000000000e+00
	0.000000000000000e+00
	-1.626590973390104e-03

 33	1.403551534714460e-08
	0.000000000000000e+00
	0.000000000000000e+00
	0.000000000000000e+00
	0.000000000000000e+00
	1.606556240422967e-03

 34	1.503551534714460e-08
	0.000000000000000e+00
	0.000000000000000e+00
	0.000000000000000e+00
	0.000000000000000e+00
	-1.585979454084032e-03

 35	1.603551534714460e-08
	0.000000000000000e+00
	0.000000000000000e+00
	0.000000000000000e+00
	0.000000000000000e+00
	1.566783407524312e-03

 36	1.703551534714460e-08
	0.000000000000000e+00
	0.000000000000000e+00
	0.000000000000000e+00
	0.000000000000000e+00
	-1.547062282952759e-03

 37	1.803551534714460e-08
	0.000000000000000e+00
	0.000000000000000e+00
	0.000000000000000e+00
	0.000000000000000e+00
	1.528641225004549e-03

 38	1.900000000000000e-08
	0.000000000000000e+00
	0.000000000000000e+00
	0.000000000000000e+00
	0.000000000000000e+00
	-1.509023557021125e-03

 39	1.910000000000000e-08
	0.000000000000000e+00
	0.000000000000000e+00
	0.000000000000000e+00
	3.300000000000030e-01
	2.209249597757076e-04

 40	1.930000000000000e-08
	0.000000000000000e+00
	0.000000000000000e+00
	0.000000000000000e+00
	9.899999999999980e-01
	-4.340060816661093e-03

 41	1.954794465982723e-08
	0.000000000000000e+00
	0.000000000000000e+00
	0.000000000000000e+00
	1.808217377429856e+00
	9.520277970597664e-01

 42	1.973234785898239e-08
	0.000000000000000e+00
	0.000000000000000e+00
	0.000000000000000e+00
	2.416747934641896e+00
	2.725434663461527e+00

 43	1.993650902990546e-08
	0.000000000000000e+00
	0.000000000000000e+00
	0.000000000000000e+00
	3.090479798688019e+00
	3.389281051174161e+00

 44	2.000000000000000e-08
	0.000000000000000e+00
	0.000000000000000e+00
	0.000000000000000e+00
	3.300000000000000e+00
	3.278335610503890e+00

 45	2.002013323465781e-08
	0.000000000000000e+00
	0.000000000000000e+00
	0.000000000000000e+00
	3.300000000000000e+00
	3.288896130856271e+00

 46	2.006039970397343e-08
	0.000000000000000e+00
	0.000000000000000e+00
	0.000000000000000e+00
	3.300000000000000e+00
	3.299608156154941e+00

 47	2.014093264260467e-08
	0.000000000000000e+00
	0.000000000000000e+00
	0.000000000000000e+00
	3.300000000000000e+00
	3.300148060754883e+00

 48	2.030199851986715e-08
	0.000000000000000e+00
	0.000000000000000e+00
	0.000000000000000e+00
	3.300000000000000e+00
	3.299929748904351e+00

 49	2.062413027439211e-08
	0.000000000000000e+00
	0.000000000000000e+00
	0.000000000000000e+00
	3.300000000000000e+00
	3.300055831813814e+00

 50	2.126839378344202e-08
	0.000000000000000e+00
	0.000000000000000e+00
	0.000000000000000e+00
	3.300000000000000e+00
	3.299953371563389e+00

 51	2.226839378344202e-08
	0.000000000000000e+00
	0.000000000000000e+00
	0.000000000000000e+00
	3.300000000000000e+00
	3.300042327071743e+00

 52	2.326839378344202e-08
	0.000000000000000e+00
	0.000000000000000e+00
	0.000000000000000e+00
	3.300000000000000e+00
	3.299962002204973e+00

 53	2.426839378344202e-08
	0.000000000000000e+00
	0.000000000000000e+00
	0.000000000000000e+00
	3.300000000000000e+00
	3.300034024053494e+00

 54	2.526839378344202e-08
	0.000000000000000e+00
	0.000000000000000e+00
	0.000000000000000e+00
	3.300000000000000e+00
	3.299969567928192e+00

 55	2.626839378344202e-08
	0.000000000000000e+00
	0.000000000000000e+00
	0.000000000000000e+00
	3.300000000000000e+00
	3.300026973649064e+00

 56	2.726839378344202e-08
	0.000000000000000e+00
	0.000000000000000e+00
	0.000000000000000e+00
	3.300000000000000e+00
	3.299976058621705e+00

 57	2.826839378344202e-08
	0.000000000000000e+00
	0.000000000000000e+00
	0.000000000000000e+00
	3.300000000000000e+00
	3.300020950940074e+00

 58	2.926839378344202e-08
	0.000000000000000e+00
	0.000000000000000e+00
	0.000000000000000e+00
	3.300000000000000e+00
	3.299981618694658e+00

 59	3.026839378344201e-08
	0.000000000000000e+00
	0.000000000000000e+00
	0.000000000000000e+00
	3.300000000000000e+00
	3.300015797268139e+00

 60	3.126839378344202e-08
	0.000000000000000e+00
	0.000000000000000e+00
	0.000000000000000e+00
	3.300000000000000e+00
	3.299986382706369e+00

 61	3.226839378344202e-08
	0.000000000000000e+00
	0.000000000000000e+00
	0.000000000000000e+00
	3.300000000000000e+00
	3.300011382588375e+00

 62	3.326839378344202e-08
	0.000000000000000e+00
	0.000000000000000e+00
	0.000000000000000e+00
	3.300000000000000e+00
	3.299990466826081e+00

 63	3.426839378344202e-08
	0.000000000000000e+00
	0.000000000000000e+00
	0.000000000000000e+00
	3.300000000000000e+00
	3.300007597955300e+00

 64	3.526839378344203e-08
	0.000000000000000e+00
	0.000000000000000e+00
	0.000000000000000e+00
	3.300000000000000e+00
	3.299993969914985e+00

 65	3.626839378344203e-08
	0.000000000000000e+00
	0.000000000000000e+00
	0.000000000000000e+00
	3.300000000000000e+00
	3.300004351569683e+00

 66	3.726839378344203e-08
	0.000000000000000e+00
	0.000000000000000e+00
	0.000000000000000e+00
	3.300000000000000e+00
	3.299996975827659e+00

 67	3.826839378344203e-08
	0.000000000000000e+00
	0.000000000000000e+00
	0.000000000000000e+00
	3.300000000000000e+00
	3.300001565839467e+00

 68	3.900000000000001e-08
	0.000000000000000e+00
	0.000000000000000e+00
	0.000000000000000e+00
	3.300000000000000e+00
	3.299999987725055e+00

 69	3.910000000000001e-08
	0.000000000000000e+00
	0.000000000000000e+00
	3.300000000000030e-01
	3.300000000000000e+00
	3.300108876051154e+00

 70	3.930000000000001e-08
	0.000000000000000e+00
	0.000000000000000e+00
	9.900000000000089e-01
	3.300000000000000e+00
	3.299836934107884e+00

 71	3.961633038848090e-08
	0.000000000000000e+00
	0.000000000000000e+00
	2.033890281986940e+00
	3.300000000000000e+00
	3.302193148406421e+00

 72	3.965200778378045e-08
	0.000000000000000e+00
	0.000000000000000e+00
	2.151625686475457e+00
	3.300000000000000e+00
	3.304173478247103e+00

 73	3.972336257437955e-08
	0.000000000000000e+00
	0.000000000000000e+00
	2.387096495452488e+00
	3.300000000000000e+00
	3.315636076577477e+00

 74	3.980806607326909e-08
	0.000000000000000e+00
	0.000000000000000e+00
	2.666618041787971e+00
	3.300000000000000e+00
	2.334633561620845e+00

 75	3.989241085934379e-08
	0.000000000000000e+00
	0.000000000000000e+00
	2.944955835834477e+00
	3.300000000000000e+00
	4.129900959203406e-01

 76	3.997766788965536e-08
	0.000000000000000e+00
	0.000000000000000e+00
	3.226304035862669e+00
	3.300000000000000e+00
	-7.331008307176264e-02

 77	4.000000000000000e-08
	0.000000000000000e+00
	0.000000000000000e+00
	3.299999999999986e+00
	3.300000000000000e+00
	-4.082453222482352e-03

 78	4.000810783373693e-08
	0.000000000000000e+00
	0.000000000000000e+00
	3.300000000000000e+00
	3.273244148668145e+00
	-8.913542346396103e-03

 79	4.002432350121078e-08
	0.000000000000000e+00
	0.000000000000000e+00
	3.300000000000000e+00
	3.219732446004414e+00
	-8.120054060428733e-03

 80	4.005675483615849e-08
	0.000000000000000e+00
	0.000000000000000e+00
	3.300000000000000e+00
	3.112709040676974e+00
	-5.377519489050409e-04

 81	4.012161750605392e-08
	0.000000000000000e+00
	0.000000000000000e+00
	3.300000000000000e+00
	2.898662230022071e+00
	-5.150927955396428e-04

 82	4.025134284584476e-08
	0.000000000000000e+00
	0.000000000000000e+00
	3.300000000000000e+00
	2.470568608712286e+00
	6.208446514806010e-04

 83	4.051079352542646e-08
	0.000000000000000e+00
	0.000000000000000e+00
	3.300000000000000e+00
	1.614381366092696e+00
	-3.916723803670669e-04

 84	4.088846529343726e-08
	0.000000000000000e+00
	0.000000000000000e+00
	3.300000000000000e+00
	3.680645316570410e-01
	1.136505446064338e-03

 85	4.100000000000000e-08
	0.000000000000000e+00
	0.000000000000000e+00
	3.300000000000000e+00
	0.000000000000000e+00
	-2.353425495319694e-03

 86	4.103418539340790e-08
	0.000000000000000e+00
	0.000000000000000e+00
	3.300000000000000e+00
	0.000000000000000e+00
	-5.286268508040426e-04

 87	4.110255618022371e-08
	0.000000000000000e+00
	0.000000000000000e+00
	3.300000000000000e+00
	0.000000000000000e+00
	2.222598994729291e-04

 88	4.123929775385531e-08
	0.000000000000000e+00
	0.000000000000000e+00
	3.300000000000000e+00
	0.000000000000000e+00
	-2.376686980008827e-04

 89	4.151278090111853e-08
	0.000000000000000e+00
	0.000000000000000e+00
	3.300000000000000e+00
	0.000000000000000e+00
	1.812314060145037e-04

 90	4.189200888572908e-08
	0.000000000000000e+00
	0.000000000000000e+00
	3.300000000000000e+00
	0.000000000000000e+00
	-1.544910548052676e-04

 91	4.265046485495019e-08
	0.000000000000000e+00
	0.000000000000000e+00
	3.300000000000000e+00
	0.000000000000000e+00
	1.440521755368285e-04

 92	4.365046485495020e-08
	0.000000000000000e+00
	0.000000000000000e+00
	3.300000000000000e+00
	0.000000000000000e+00
	-1.359383040442780e-04

 93	4.465046485495020e-08
	0.000000000000000e+00
	0.000000000000000e+00
	3.300000000000000e+00
	0.000000000000000e+00
	1.291442310396799e-04

 94	4.565046485495020e-08
	0.000000000000000e+00
	0.000000000000000e+00
	3.300000000000000e+00
	0.000000000000000e+00
	-1.221171855508296e-04

 95	4.665046485495020e-08
	0.000000000000000e+00
	0.000000000000000e+00
	3.300000000000000e+00
	0.000000000000000e+00
	1.161694598650950e-04

 96	4.765046485495021e-08
	0.000000000000000e+00
	0.000000000000000e+00
	3.300000000000000e+00
	0.000000000000000e+00
	-1.099947144067963e-04

 97	4.865046485495021e-08
	0.000000000000000e+00
	0.000000000000000e+00
	3.300000000000000e+00
	0.000000000000000e+00
	1.047834035166929e-04

 98	4.965046485495021e-08
	0.000000000000000e+00
	0.000000000000000e+00
	3.300000000000000e+00
	0.000000000000000e+00
	-9.932233517035739e-05

 99	5.065046485495021e-08
	0.000000000000000e+00
	0.000000000000000e+00
	3.300000000000000e+00
	0.000000000000000e+00
	9.474897262893960e-05

 100	5.165046485495022e-08
	0.000000000000000e+00
	0.000000000000000e+00
	3.300000000000000e+00
	0.000000000000000e+00
	-8.989919812270666e-05

 101	5.265046485495022e-08
	0.000000000000000e+00
	0.000000000000000e+00
	3.300000000000000e+00
	0.000000000000000e+00
	8.588098474999334e-05

 102	5.365046485495022e-08
	0.000000000000000e+00
	0.000000000000000e+00
	3.300000000000000e+00
	0.000000000000000e+00
	-8.156147699667562e-05

 103	5.465046485495022e-08
	0.000000000000000e+00
	0.000000000000000e+00
	3.300000000000000e+00
	0.000000000000000e+00
	7.802951175196748e-05

 104	5.565046485495022e-08
	0.000000000000000e+00
	0.000000000000000e+00
	3.300000000000000e+00
	0.000000000000000e+00
	-7.417134895054169e-05

 105	5.665046485495023e-08
	0.000000000000000e+00
	0.000000000000000e+00
	3.300000000000000e+00
	0.000000000000000e+00
	7.106687835555653e-05

 106	5.765046485495023e-08
	0.000000000000000e+00
	0.000000000000000e+00
	3.300000000000000e+00
	0.000000000000000e+00
	-6.761234853476170e-05

 107	5.865046485495023e-08
	0.000000000000000e+00
	0.000000000000000e+00
	3.300000000000000e+00
	0.000000000000000e+00
	6.488446890655190e-05

 108	5.900000000000001e-08
	0.000000000000000e+00
	0.000000000000000e+00
	3.300000000000000e+00
	1.091878408569997e-14
	-5.690161981327171e-05

 109	5.910000000000001e-08
	0.000000000000000e+00
	0.000000000000000e+00
	3.300000000000000e+00
	3.300000000000139e-01
	2.856678225933301e-04

 110	5.930000000000001e-08
	0.000000000000000e+00
	0.000000000000000e+00
	3.300000000000000e+00
	9.900000000000199e-01
	-2.155437831933213e-04

 111	5.961569055069476e-08
	0.000000000000000e+00
	0.000000000000000e+00
	3.300000000000000e+00
	2.031778817292705e+00
	-6.188511590329189e-04

 112	5.987986704537921e-08
	0.000000000000000e+00
	0.000000000000000e+00
	3.300000000000000e+00
	2.903561249751372e+00
	1.076276499543782e-03

 113	6.000000000000001e-08
	0.000000000000000e+00
	0.000000000000000e+00
	3.300000000000000e+00
	3.300000000000000e+00
	9.102154786366778e-05

 114	6.002727451530635e-08
	0.000000000000000e+00
	0.000000000000000e+00
	3.300000000000000e+00
	3.300000000000000e+00
	-4.625556384313390e-04

 115	6.008182354591904e-08
	0.000000000000000e+00
	0.000000000000000e+00
	3.300000000000000e+00
	3.300000000000000e+00
	-5.123252499472791e-04

 116	6.019092160714439e-08
	0.000000000000000e+00
	0.000000000000000e+00
	3.300000000000000e+00
	3.300000000000000e+00
	2.070885035152376e-04

 117	6.040911772959512e-08
	0.000000000000000e+00
	0.000000000000000e+00
	3.300000000000000e+00
	3.300000000000000e+00
	-6.617525725182566e-05

 118	6.084550997449656e-08
	0.000000000000000e+00
	0.000000000000000e+00
	3.300000000000000e+00
	3.300000000000000e+00
	6.912118007538007e-05

 119	6.171829446429946e-08
	0.000000000000000e+00
	0.000000000000000e+00
	3.300000000000000e+00
	3.300000000000000e+00
	-5.777778568755859e-05

 120	6.271829446429946e-08
	0.000000000000000e+00
	0.000000000000000e+00
	3.300000000000000e+00
	3.300000000000000e+00
	5.438935105104951e-05

 121	6.371829446429945e-08
	0.000000000000000e+00
	0.000000000000000e+00
	3.300000000000000e+00
	3.300000000000000e+00
	-4.904694127088466e-05

 122	6.471829446429945e-08
	0.000000000000000e+00
	0.000000000000000e+00
	3.300000000000000e+00
	3.300000000000000e+00
	4.571019061319279e-05

 123	6.571829446429944e-08
	0.000000000000000e+00
	0.000000000000000e+00
	3.300000000000000e+00
	3.300000000000000e+00
	-4.164145132580510e-05

 124	6.671829446429944e-08
	0.000000000000000e+00
	0.000000000000000e+00
	3.300000000000000e+00
	3.300000000000000e+00
	3.887855727767106e-05

 125	6.771829446429943e-08
	0.000000000000000e+00
	0.000000000000000e+00
	3.300000000000000e+00
	3.300000000000000e+00
	-3.558720534136903e-05

 126	6.871829446429943e-08
	0.000000000000000e+00
	0.000000000000000e+00
	3.300000000000000e+00
	3.300000000000000e+00
	3.333020831088572e-05

 127	6.971829446429943e-08
	0.000000000000000e+00
	0.000000000000000e+00
	3.300000000000000e+00
	3.300000000000000e+00
	-3.059208862751794e-05

 128	7.071829446429942e-08
	0.000000000000000e+00
	0.000000000000000e+00
	3.300000000000000e+00
	3.300000000000000e+00
	2.874418571642556e-05

 129	7.171829446429942e-08
	0.000000000000000e+00
	0.000000000000000e+00
	3.300000000000000e+00
	3.300000000000000e+00
	-2.642005713644237e-05

 130	7.271829446429941e-08
	0.000000000000000e+00
	0.000000000000000e+00
	3.300000000000000e+00
	3.300000000000000e+00
	2.489811706853085e-05

 131	7.371829446429941e-08
	0.000000000000000e+00
	0.000000000000000e+00
	3.300000000000000e+00
	3.300000000000000e+00
	-2.289414490978976e-05

 132	7.471829446429940e-08
	0.000000000000000e+00
	0.000000000000000e+00
	3.300000000000000e+00
	3.300000000000000e+00
	2.163361541331413e-05

 133	7.571829446429940e-08
	0.000000000000000e+00
	0.000000000000000e+00
	3.300000000000000e+00
	3.300000000000000e+00
	-1.988297065867728e-05

 134	7.671829446429940e-08
	0.000000000000000e+00
	0.000000000000000e+00
	3.300000000000000e+00
	3.300000000000000e+00
	1.883457168358124e-05

 135	7.771829446429939e-08
	0.000000000000000e+00
	0.000000000000000e+00
	3.300000000000000e+00
	3.300000000000000e+00
	-1.728830492963782e-05

 136	7.871829446429939e-08
	0.000000000000000e+00
	0.000000000000000e+00
	3.300000000000000e+00
	3.300000000000000e+00
	1.641434701050472e-05

 137	7.900000000000001e-08
	0.000000000000000e+00
	0.000000000000000e+00
	3.300000000000000e+00
	3.300000000000000e+00
	-1.254722474399589e-05

 138	7.910000000000000e-08
	0.000000000000000e+00
	3.299999999999811e-01
	3.300000000000000e+00
	3.300000000000000e+00
	2.824053827227974e-04

 139	7.930000000000000e-08
	0.000000000000000e+00
	9.899999999999870e-01
	3.300000000000000e+00
	3.300000000000000e+00
	-1.145309929950912e-02

 140	7.944924404112570e-08
	0.000000000000000e+00
	1.482505335714780e+00
	3.300000000000000e+00
	3.300000000000000e+00
	1.160352773990041e-01

 141	7.961078428978700e-08
	0.000000000000000e+00
	2.015588156297078e+00
	3.300000000000000e+00
	3.300000000000000e+00
	2.221549590250116e+00

 142	7.973851605744306e-08
	0.000000000000000e+00
	2.437102989562088e+00
	3.300000000000000e+00
	3.300000000000000e+00
	3.412651086734937e+00

 143	7.988256239986669e-08
	0.000000000000000e+00
	2.912455919560065e+00
	3.300000000000000e+00
	3.300000000000000e+00
	3.237930096656588e+00

 144	8.000000000000000e-08
	0.000000000000000e+00
	3.300000000000000e+00
	3.300000000000000e+00
	3.300000000000000e+00
	3.329598717831000e+00

 145	8.001334877707575e-08
	0.000000000000000e+00
	3.300000000000000e+00
	3.255949035650031e+00
	3.255949035650031e+00
	3.316256402312986e+00

 146	8.004004633122725e-08
	0.000000000000000e+00
	3.300000000000000e+00
	3.167847106950092e+00
	3.167847106950092e+00
	3.301899533239415e+00

 147	8.009344143953023e-08
	0.000000000000000e+00
	3.300000000000000e+00
	2.991643249550258e+00
	2.991643249550258e+00
	3.299675244905367e+00

 148	8.020023165613620e-08
	0.000000000000000e+00
	3.300000000000000e+00
	2.639235534750546e+00
	2.639235534750546e+00
	3.300718695254593e+00

 149	8.041381208934815e-08
	0.000000000000000e+00
	3.300000000000000e+00
	1.934420105151123e+00
	1.934420105151123e+00
	3.305620734584986e+00

 150	8.061152186848272e-08
	0.000000000000000e+00
	3.300000000000000e+00
	1.281977834007018e+00
	1.281977834007018e+00
	8.765018055274589e-01

 151	8.077177577342268e-08
	0.000000000000000e+00
	3.300000000000000e+00
	7.531399477051557e-01
	7.531399477051557e-01
	-1.169053371189895e-01

 152	8.089996636128441e-08
	0.000000000000000e+00
	3.300000000000000e+00
	3.301110077614657e-01
	3.301110077614657e-01
	1.470880335272503e+00

 153	8.100000000000000e-08
	0.000000000000000e+00
	3.300000000000000e+00
	1.421085471520200e-14
	1.421085471520200e-14
	2.894020305331788e+00

 154	8.101334359443151e-08
	0.000000000000000e+00
	3.300000000000000e+00
	0.000000000000000e+00
	0.000000000000000e+00
	3.035642179934652e+00

 155	8.104003078329453e-08
	0.000000000000000e+00
	3.300000000000000e+00
	0.000000000000000e+00
	0.000000000000000e+00
	3.220131069705732e+00

 156	8.109340516102058e-08
	0.000000000000000e+00
	3.300000000000000e+00
	0.000000000000000e+00
	0.000000000000000e+00
	3.302342751071794e+00

 157	8.120015391647268e-08
	0.000000000000000e+00
	3.300000000000000e+00
	0.000000000000000e+00
	0.000000000000000e+00
	3.296665895882300e+00

 158	8.132166395526350e-08
	0.000000000000000e+00
	3.300000000000000e+00
	0.000000000000000e+00
	0.000000000000000e+00
	3.300427136310632e+00

 159	8.156468403284511e-08
	0.000000000000000e+00
	3.300000000000000e+00
	0.000000000000000e+00
	0.000000000000000e+00
	3.298959162693169e+00

 160	8.205072418800835e-08
	0.000000000000000e+00
	3.300000000000000e+00
	0.000000000000000e+00
	0.000000000000000e+00
	3.300431081296602e+00

 161	8.295819853942868e-08
	0.000000000000000e+00
	3.300000000000000e+00
	0.000000000000000e+00
	0.000000000000000e+00
	3.299372676385373e+00

 162	8.395819853942868e-08
	0.000000000000000e+00
	3.300000000000000e+00
	0.000000000000000e+00
	0.000000000000000e+00
	3.300437668555334e+00

 163	8.495819853942867e-08
	0.000000000000000e+00
	3.300000000000000e+00
	0.000000000000000e+00
	0.000000000000000e+00
	3.299502722691489e+00

 164	8.595819853942867e-08
	0.000000000000000e+00
	3.300000000000000e+00
	0.000000000000000e+00
	0.000000000000000e+00
	3.300380222951664e+00

 165	8.695819853942866e-08
	0.000000000000000e+00
	3.300000000000000e+00
	0.000000000000000e+00
	0.000000000000000e+00
	3.299589293633571e+00

 166	8.795819853942866e-08
	0.000000000000000e+00
	3.300000000000000e+00
	0.000000000000000e+00
	0.000000000000000e+00
	3.300322913984142e+00

 167	8.895819853942866e-08
	0.000000000000000e+00
	3.300000000000000e+00
	0.000000000000000e+00
	0.000000000000000e+00
	3.299656919060831e+00

 168	8.995819853942865e-08
	0.000000000000000e+00
	3.300000000000000e+00
	0.000000000000000e+00
	0.000000000000000e+00
	3.300272331094386e+00

 169	9.095819853942865e-08
	0.000000000000000e+00
	3.300000000000000e+00
	0.000000000000000e+00
	0.000000000000000e+00
	3.299711792553228e+00

 170	9.195819853942864e-08
	0.000000000000000e+00
	3.300000000000000e+00
	0.000000000000000e+00
	0.000000000000000e+00
	3.300229040795606e+00

 171	9.295819853942864e-08
	0.000000000000000e+00
	3.300000000000000e+00
	0.000000000000000e+00
	0.000000000000000e+00
	3.299756922994412e+00

 172	9.395819853942863e-08
	0.000000000000000e+00
	3.300000000000000e+00
	0.000000000000000e+00
	0.000000000000000e+00
	3.300192446353389e+00

 173	9.495819853942863e-08
	0.000000000000000e+00
	3.300000000000000e+00
	0.000000000000000e+00
	0.000000000000000e+00
	3.299794253762277e+00

 174	9.595819853942863e-08
	0.000000000000000e+00
	3.300000000000000e+00
	0.000000000000000e+00
	0.000000000000000e+00
	3.300161710180119e+00

 175	9.695819853942862e-08
	0.000000000000000e+00
	3.300000000000000e+00
	0.000000000000000e+00
	0.000000000000000e+00
	3.299825212813626e+00

 176	9.795819853942862e-08
	0.000000000000000e+00
	3.300000000000000e+00
	0.000000000000000e+00
	0.000000000000000e+00
	3.300135996777057e+00

 177	9.895819853942861e-08
	0.000000000000000e+00
	3.300000000000000e+00
	0.000000000000000e+00
	0.000000000000000e+00
	3.299850914925251e+00

 178	9.900000000000000e-08
	0.000000000000000e+00
	3.300000000000000e+00
	0.000000000000000e+00
	0.000000000000000e+00
	3.299996821308798e+00

 179	9.905144383430794e-08
	0.000000000000000e+00
	3.300000000000000e+00
	0.000000000000000e+00
	1.697646532161978e-01
	3.300149605310779e+00

 180	9.915433150292383e-08
	0.000000000000000e+00
	3.300000000000000e+00
	0.000000000000000e+00
	5.092939596486151e-01
	3.299891063612199e+00

 181	9.934838498396665e-08
	0.000000000000000e+00
	3.300000000000000e+00
	0.000000000000000e+00
	1.149670447089935e+00
	3.299797558858375e+00

 182	9.965892516321426e-08
	0.000000000000000e+00
	3.300000000000000e+00
	0.000000000000000e+00
	2.174453038607051e+00
	3.305961635263141e+00

 183	9.994049953717869e-08
	0.000000000000000e+00
	3.300000000000000e+00
	0.000000000000000e+00
	3.103648472689668e+00
	6.194285366419768e-01

 184	1.000000000000000e-07
	0.000000000000000e+00
	3.300000000000000e+00
	0.000000000000000e+00
	3.299999999999975e+00
	7.637338306149744e-02

 185	1.000219734966048e-07
	0.000000000000000e+00
	3.300000000000000e+00
	0.000000000000000e+00
	3.300000000000000e+00
	5.641250576287575e-02

 186	1.000659204898145e-07
	0.000000000000000e+00
	3.300000000000000e+00
	0.000000000000000e+00
	3.300000000000000e+00
	2.219635802444936e-02

 187	1.001538144762339e-07
	0.000000000000000e+00
	3.300000000000000e+00
	0.000000000000000e+00
	3.300000000000000e+00
	2.446942144647413e-05

 188	1.003296024490727e-07
	0.000000000000000e+00
	3.300000000000000e+00
	0.000000000000000e+00
	3.300000000000000e+00
	3.622818075948789e-04

 189	1.005006461628485e-07
	0.000000000000000e+00
	3.300000000000000e+00
	0.000000000000000e+00
	3.300000000000000e+00
	-3.435150518862687e-04

 190	1.008427335903999e-07
	0.000000000000000e+00
	3.300000000000000e+00
	0.000000000000000e+00
	3.300000000000000e+00
	3.514307668225324e-04

 191	1.015269084455028e-07
	0.000000000000000e+00
	3.300000000000000e+00
	0.000000000000000e+00
	3.300000000000000e+00
	-3.406230925730603e-04

 192	1.025269084455028e-07
	0.000000000000000e+00
	3.300000000000000e+00
	0.000000000000000e+00
	3.300000000000000e+00
	3.386118700069093e-04

 193	1.035269084455028e-07
	0.000000000000000e+00
	3.300000000000000e+00
	0.000000000000000e+00
	3.300000000000000e+00
	-3.334441580605165e-04

 194	1.045269084455028e-07
	0.000000000000000e+00
	3.300000000000000e+00
	0.000000000000000e+00
	3.300000000000000e+00
	3.298640626156462e-04

 195	1.055269084455028e-07
	0.000000000000000e+00
	3.300000000000000e+00
	0.000000000000000e+00
	3.300000000000000e+00
	-3.249237420428659e-04

 196	1.065269084455028e-07
	0.000000000000000e+00
	3.300000000000000e+00
	0.000000000000000e+00
	3.300000000000000e+00
	3.209518355933600e-04

 197	1.075269084455028e-07
	0.000000000000000e+00
	3.300000000000000e+00
	0.000000000000000e+00
	3.300000000000000e+00
	-3.160155588975890e-04

 198	1.085269084455028e-07
	0.000000000000000e+00
	3.300000000000000e+00
	0.000000000000000e+00
	3.300000000000000e+00
	3.118822440195627e-04

 199	1.095269084455028e-07
	0.000000000000000e+00
	3.300000000000000e+00
	0.000000000000000e+00
	3.300000000000000e+00
	-3.069497812412635e-04

 200	1.105269084455028e-07
	0.000000000000000e+00
	3.300000000000000e+00
	0.000000000000000e+00
	3.300000000000000e+00
	3.027568678965944e-04

 201	1.115269084455028e-07
	0.000000000000000e+00
	3.300000000000000e+00
	0.000000000000000e+00
	3.300000000000000e+00
	-2.978535023857101e-04

 202	1.125269084455028e-07
	0.000000000000000e+00
	3.300000000000000e+00
	0.000000000000000e+00
	3.300000000000000e+00
	2.936601972219760e-04

 203	1.135269084455028e-07
	0.000000000000000e+00
	3.300000000000000e+00
	0.000000000000000e+00
	3.300000000000000e+00
	-2.888108683992315e-04

 204	1.145269084455028e-07
	0.000000000000000e+00
	3.300000000000000e+00
	0.000000000000000e+00
	3.300000000000000e+00
	2.846558621074705e-04

 205	1.155269084455028e-07
	0.000000000000000e+00
	3.300000000000000e+00
	0.000000000000000e+00
	3.300000000000000e+00
	-2.798810286574957e-04

 206	1.165269084455028e-07
	0.000000000000000e+00
	3.300000000000000e+00
	0.000000000000000e+00
	3.300000000000000e+00
	2.757909883271507e-04

 207	1.175269084455028e-07
	0.000000000000000e+00
	3.300000000000000e+00
	0.000000000000000e+00
	3.300000000000000e+00
	-2.711064667034468e-04

 208	1.185269084455028e-07
	0.000000000000000e+00
	3.300000000000000e+00
	0.000000000000000e+00
	3.300000000000000e+00
	2.671002216849613e-04

 209	1.190000000000000e-07
	0.000000000000000e+00
	3.300000000000000e+00
	0.000000000000000e+00
	3.300000000000000e+00
	-2.577805268795599e-04

 210	1.191000000000000e-07
	0.000000000000000e+00
	3.300000000000000e+00
	3.299999999999375e-01
	3.300000000000000e+00
	3.087749403625217e-04

 211	1.191250000000000e-07
	0.000000000000000e+00
	3.300000000000000e+00
	4.124999999999436e-01
	3.300000000000000e+00
	2.501432097775091e-04

 212	1.191750000000000e-07
	0.000000000000000e+00
	3.300000000000000e+00
	5.774999999999560e-01
	3.300000000000000e+00
	6.198152596625928e-05

 213	1.192750000000000e-07
	0.000000000000000e+00
	3.300000000000000e+00
	9.074999999999372e-01
	3.300000000000000e+00
	-9.637293039000391e-03

 214	1.194750000000000e-07
	0.000000000000000e+00
	3.300000000000000e+00
	1.567499999999899e+00
	3.300000000000000e+00
	1.211879925674975e-01

 215	1.196846199319163e-07
	0.000000000000000e+00
	3.300000000000000e+00
	2.259245775323723e+00
	3.300000000000000e+00
	2.461608950736229e+00

 216	1.198460109458926e-07
	0.000000000000000e+00
	3.300000000000000e+00
	2.791836121445495e+00
	3.300000000000000e+00
	3.476020105438391e+00

 217	1.200000000000000e-07
	0.000000000000000e+00
	3.300000000000000e+00
	3.299999999999942e+00
	3.300000000000000e+00
	3.202795978025988e+00

 218	1.200172983104665e-07
	0.000000000000000e+00
	3.300000000000000e+00
	3.300000000000000e+00
	3.242915575460566e+00
	3.245361356031848e+00

 219	1.200518949313996e-07
	0.000000000000000e+00
	3.300000000000000e+00
	3.300000000000000e+00
	3.128746726381436e+00
	3.292694233773243e+00

 220	1.201210881732657e-07
	0.000000000000000e+00
	3.300000000000000e+00
	3.300000000000000e+00
	2.900409028223263e+00
	3.301305920912998e+00

 221	1.202594746569979e-07
	0.000000000000000e+00
	3.300000000000000e+00
	3.300000000000000e+00
	2.443733631906917e+00
	3.300271611636056e+00

 222	1.205256678884173e-07
	0.000000000000000e+00
	3.300000000000000e+00
	3.300000000000000e+00
	1.565295968222975e+00
	3.304412057870653e+00

 223	1.207936081262505e-07
	0.000000000000000e+00
	3.300000000000000e+00
	3.300000000000000e+00
	6.810931833733278e-01
	6.249132531894337e-01

 224	1.210000000000000e-07
	0.000000000000000e+00
	3.300000000000000e+00
	3.300000000000000e+00
	1.016964290556643e-13
	-2.279681121191174e-01

 225	1.210244237154022e-07
	0.000000000000000e+00
	3.300000000000000e+00
	3.300000000000000e+00
	0.000000000000000e+00
	-1.133380778172627e-01

 226	1.210732711462067e-07
	0.000000000000000e+00
	3.300000000000000e+00
	3.300000000000000e+00
	0.000000000000000e+00
	-8.520746633881610e-03

 227	1.211709660078156e-07
	0.000000000000000e+00
	3.300000000000000e+00
	3.300000000000000e+00
	0.000000000000000e+00
	-2.010407678479112e-03

 228	1.213497868631878e-07
	0.000000000000000e+00
	3.300000000000000e+00
	3.300000000000000e+00
	0.000000000000000e+00
	2.113933543040195e-03

 229	1.215519007365971e-07
	0.000000000000000e+00
	3.300000000000000e+00
	3.300000000000000e+00
	0.000000000000000e+00
	-1.957028279945143e-03

 230	1.219561284834156e-07
	0.000000000000000e+00
	3.300000000000000e+00
	3.300000000000000e+00
	0.000000000000000e+00
	1.856312688278031e-03

 231	1.227645839770526e-07
	0.000000000000000e+00
	3.300000000000000e+00
	3.300000000000000e+00
	0.000000000000000e+00
	-1.802282260777881e-03

 232	1.237645839770526e-07
	0.000000000000000e+00
	3.300000000000000e+00
	3.300000000000000e+00
	0.000000000000000e+00
	1.760310166093168e-03

 233	1.247645839770526e-07
	0.000000000000000e+00
	3.300000000000000e+00
	3.300000000000000e+00
	0.000000000000000e+00
	-1.717140984399517e-03

 234	1.257645839770526e-07
	0.000000000000000e+00
	3.300000000000000e+00
	3.300000000000000e+00
	0.000000000000000e+00
	1.675745358134584e-03

 235	1.267645839770526e-07
	0.000000000000000e+00
	3.300000000000000e+00
	3.300000000000000e+00
	0.000000000000000e+00
	-1.633823116588979e-03

 236	1.277645839770526e-07
	0.000000000000000e+00
	3.300000000000000e+00
	3.300000000000000e+00
	0.000000000000000e+00
	1.593738608954972e-03

 237	1.287645839770526e-07
	0.000000000000000e+00
	3.300000000000000e+00
	3.300000000000000e+00
	0.000000000000000e+00
	-1.553501111325139e-03

 238	1.297645839770526e-07
	0.000000000000000e+00
	3.300000000000000e+00
	3.300000000000000e+00
	0.000000000000000e+00
	1.515166800497311e-03

 239	1.307645839770526e-07
	0.000000000000000e+00
	3.300000000000000e+00
	3.300000000000000e+00
	0.000000000000000e+00
	-1.476885575372681e-03

 240	1.317645839770526e-07
	0.000000000000000e+00
	3.300000000000000e+00
	3.300000000000000e+00
	0.000000000000000e+00
	1.440529293522258e-03

 241	1.327645839770526e-07
	0.000000000000000e+00
	3.300000000000000e+00
	3.300000000000000e+00
	0.000000000000000e+00
	-1.404343318453136e-03

 242	1.337645839770526e-07
	0.000000000000000e+00
	3.300000000000000e+00
	3.300000000000000e+00
	0.000000000000000e+00
	1.370066950633686e-03

 243	1.347645839770526e-07
	0.000000000000000e+00
	3.300000000000000e+00
	3.300000000000000e+00
	0.000000000000000e+00
	-1.336019695846223e-03

 244	1.357645839770526e-07
	0.000000000000000e+00
	3.300000000000000e+00
	3.300000000000000e+00
	0.000000000000000e+00
	1.303840958979761e-03

 245	1.367645839770525e-07
	0.000000000000000e+00
	3.300000000000000e+00
	3.300000000000000e+00
	0.000000000000000e+00
	-1.271910632082965e-03

 246	1.377645839770525e-07
	0.000000000000000e+00
	3.300000000000000e+00
	3.300000000000000e+00
	0.000000000000000e+00
	1.241791026624660e-03

 247	1.387645839770525e-07
	0.000000000000000e+00
	3.300000000000000e+00
	3.300000000000000e+00
	0.000000000000000e+00
	-1.211912422182640e-03

 248	1.390000000000000e-07
	0.000000000000000e+00
	3.300000000000000e+00
	3.300000000000000e+00
	0.000000000000000e+00
	1.098284399336465e-03

 249	1.391000000000000e-07
	0.000000000000000e+00
	3.300000000000000e+00
	3.300000000000000e+00
	3.300000000000139e-01
	5.133201417176908e-04

 250	1.393000000000000e-07
	0.000000000000000e+00
	3.300000000000000e+00
	3.300000000000000e+00
	9.899999999999760e-01
	-1.049669043384725e-02

 251	1.393500000000000e-07
	0.000000000000000e+00
	3.300000000000000e+00
	3.300000000000000e+00
	1.154999999999989e+00
	-1.368861811538392e-02

 252	1.394500000000000e-07
	0.000000000000000e+00
	3.300000000000000e+00
	3.300000000000000e+00
	1.485000000000013e+00
	4.068982735231791e-03

 253	1.395885505284430e-07
	0.000000000000000e+00
	3.300000000000000e+00
	3.300000000000000e+00
	1.942216743861843e+00
	5.566194189988326e-01

 254	1.397176444456506e-07
	0.000000000000000e+00
	3.300000000000000e+00
	3.300000000000000e+00
	2.368226670646910e+00
	2.511181090377859e+00

 255	1.398345673383394e-07
	0.000000000000000e+00
	3.300000000000000e+00
	3.300000000000000e+00
	2.754072216520122e+00
	3.436786244919481e+00

 256	1.399607762757282e-07
	0.000000000000000e+00
	3.300000000000000e+00
	3.300000000000000e+00
	3.170561709903013e+00
	3.231264179018371e+00

 257	1.400000000000000e-07
	0.000000000000000e+00
	3.300000000000000e+00
	3.300000000000000e+00
	3.299999999999975e+00
	3.297767845905733e+00

 258	1.400167530677940e-07
	0.000000000000000e+00
	3.300000000000000e+00
	3.300000000000000e+00
	3.300000000000000e+00
	3.298156284521216e+00

 259	1.400502592033821e-07
	0.000000000000000e+00
	3.300000000000000e+00
	3.300000000000000e+00
	3.300000000000000e+00
	3.299228432591324e+00

 260	1.401172714745582e-07
	0.000000000000000e+00
	3.300000000000000e+00
	3.300000000000000e+00
	3.300000000000000e+00
	3.300095284406073e+00

 261	1.402512960169105e-07
	0.000000000000000e+00
	3.300000000000000e+00
	3.300000000000000e+00
	3.300000000000000e+00
	3.299940398653888e+00

 262	1.405193451016150e-07
	0.000000000000000e+00
	3.300000000000000e+00
	3.300000000000000e+00
	3.300000000000000e+00
	3.300048572434584e+00

 263	1.410554432710241e-07
	0.000000000000000e+00
	3.300000000000000e+00
	3.300000000000000e+00
	3.300000000000000e+00
	3.299955636974814e+00

 264	1.420554432710241e-07
	0.000000000000000e+00
	3.300000000000000e+00
	3.300000000000000e+00
	3.300000000000000e+00
	3.300042152284544e+00

 265	1.430554432710241e-07
	0.000000000000000e+00
	3.300000000000000e+00
	3.300000000000000e+00
	3.300000000000000e+00
	3.299959662443022e+00

 266	1.440554432710241e-07
	0.000000000000000e+00
	3.300000000000000e+00
	3.300000000000000e+00
	3.300000000000000e+00
	3.300038411500592e+00

 267	1.450554432710241e-07
	0.000000000000000e+00
	3.300000000000000e+00
	3.300000000000000e+00
	3.300000000000000e+00
	3.299963141467507e+00

 268	1.460554432710241e-07
	0.000000000000000e+00
	3.300000000000000e+00
	3.300000000000000e+00
	3.300000000000000e+00
	3.300035173901408e+00

 269	1.470554432710241e-07
	0.000000000000000e+00
	3.300000000000000e+00
	3.300000000000000e+00
	3.300000000000000e+00
	3.299966156735327e+00

 270	1.480554432710241e-07
	0.000000000000000e+00
	3.300000000000000e+00
	3.300000000000000e+00
	3.300000000000000e+00
	3.300032364028369e+00

 271	1.490554432710241e-07
	0.000000000000000e+00
	3.300000000000000e+00
	3.300000000000000e+00
	3.300000000000000e+00
	3.299968777172523e+00

 272	1.500554432710241e-07
	0.000000000000000e+00
	3.300000000000000e+00
	3.300000000000000e+00
	3.300000000000000e+00
	3.300029918879688e+00

 273	1.510554432710241e-07
	0.000000000000000e+00
	3.300000000000000e+00
	3.300000000000000e+00
	3.300000000000000e+00
	3.299971060409554e+00

 274	1.520554432710241e-07
	0.000000000000000e+00
	3.300000000000000e+00
	3.300000000000000e+00
	3.300000000000000e+00
	3.300027785691036e+00

 275	1.530554432710241e-07
	0.000000000000000e+00
	3.300000000000000e+00
	3.300000000000000e+00
	3.300000000000000e+00
	3.299973054797578e+00

 276	1.540554432710241e-07
	0.000000000000000e+00
	3.300000000000000e+00
	3.300000000000000e+00
	3.300000000000000e+00
	3.300025920125660e+00

 277	1.550554432710241e-07
	0.000000000000000e+00
	3.300000000000000e+00
	3.300000000000000e+00
	3.300000000000000e+00
	3.299974801027630e+00

 278	1.560554432710241e-07
	0.000000000000000e+00
	3.300000000000000e+00
	3.300000000000000e+00
	3.300000000000000e+00
	3.300024284811158e+00

 279	1.570554432710241e-07
	0.000000000000000e+00
	3.300000000000000e+00
	3.300000000000000e+00
	3.300000000000000e+00
	3.299976333455989e+00

 280	1.580554432710241e-07
	0.000000000000000e+00
	3.300000000000000e+00
	3.300000000000000e+00
	3.300000000000000e+00
	3.300022848137520e+00

 281	1.590000000000000e-07
	0.000000000000000e+00
	3.300000000000000e+00
	3.300000000000000e+00
	3.300000000000000e+00
	3.299977718168127e+00

 282	1.591000000000000e-07
	3.300000000000248e-01
	3.300000000000000e+00
	3.300000000000000e+00
	3.300000000000000e+00
	3.300073317467558e+00

 283	1.593000000000000e-07
	9.899999999999870e-01
	3.300000000000000e+00
	3.300000000000000e+00
	3.300000000000000e+00
	3.299912122470465e+00

 284	1.594337369394946e-07
	1.431331900332000e+00
	3.300000000000000e+00
	3.300000000000000e+00
	3.300000000000000e+00
	3.300022761504799e+00

 285	1.595788030323440e-07
	1.910050006735116e+00
	3.300000000000000e+00
	3.300000000000000e+00
	3.300000000000000e+00
	3.299759467239743e+00

 286	1.597572822043030e-07
	2.499031274199722e+00
	3.300000000000000e+00
	3.300000000000000e+00
	3.300000000000000e+00
	3.300289097451889e+00

 287	1.598909073327497e-07
	2.939994198074026e+00
	3.300000000000000e+00
	3.300000000000000e+00
	3.300000000000000e+00
	3.300226767032233e+00

 288	1.600000000000000e-07
	3.300000000000000e+00
	3.300000000000000e+00
	3.300000000000000e+00
	3.300000000000000e+00
	3.299527084445564e+00

 289	1.600148508446231e-07
	3.300000000000000e+00
	3.250992212743636e+00
	3.250992212743636e+00
	3.250992212743636e+00
	3.298696859626840e+00

 290	1.600445525338694e-07
	3.300000000000000e+00
	3.152976638230906e+00
	3.152976638230906e+00
	3.152976638230906e+00
	3.298653345632959e+00

 291	1.601039559123620e-07
	3.300000000000000e+00
	2.956945489205448e+00
	2.956945489205448e+00
	2.956945489205448e+00
	3.300112100544740e+00

 292	1.602227626693471e-07
	3.300000000000000e+00
	2.564883191154530e+00
	2.564883191154530e+00
	2.564883191154530e+00
	3.301492068035463e+00

 293	1.604296997768825e-07
	3.300000000000000e+00
	1.881990736287913e+00
	1.881990736287913e+00
	1.881990736287913e+00
	3.310428794237080e+00

 294	1.606406311750173e-07
	3.300000000000000e+00
	1.185917122442802e+00
	1.185917122442802e+00
	1.185917122442802e+00
	5.655766651800226e-01

 295	1.608030367207112e-07
	3.300000000000000e+00
	6.499788216532139e-01
	6.499788216532139e-01
	6.499788216532139e-01
	-2.620365129631386e-01

 296	1.609716921295296e-07
	3.300000000000000e+00
	9.341597255218925e-02
	9.341597255218925e-02
	9.341597255218925e-02
	1.406850679911783e-01

 297	1.610000000000000e-07
	3.300000000000000e+00
	1.421085471520200e-14
	1.421085471520200e-14
	1.421085471520200e-14
	4.107770724791579e-02

 298	1.610181463482608e-07
	3.300000000000000e+00
	0.000000000000000e+00
	0.000000000000000e+00
	0.000000000000000e+00
	3.674013126603666e-02

 299	1.610544390447823e-07
	3.300000000000000e+00
	0.000000000000000e+00
	0.000000000000000e+00
	0.000000000000000e+00
	1.578399061174941e-02

 300	1.611270244378254e-07
	3.300000000000000e+00
	0.000000000000000e+00
	0.000000000000000e+00
	0.000000000000000e+00
	-1.209591764124718e-04

 301	1.612721952239116e-07
	3.300000000000000e+00
	0.000000000000000e+00
	0.000000000000000e+00
	0.000000000000000e+00
	9.661044824141804e-04

 302	1.615511884335497e-07
	3.300000000000000e+00
	0.000000000000000e+00
	0.000000000000000e+00
	0.000000000000000e+00
	-1.023506684515368e-03

 303	1.620638321700896e-07
	3.300000000000000e+00
	0.000000000000000e+00
	0.000000000000000e+00
	0.000000000000000e+00
	1.031943712397992e-03

 304	1.630638321700896e-07
	3.300000000000000e+00
	0.000000000000000e+00
	0.000000000000000e+00
	0.000000000000000e+00
	-1.028589344195478e-03

 305	1.640638321700896e-07
	3.300000000000000e+00
	0.000000000000000e+00
	0.000000000000000e+00
	0.000000000000000e+00
	1.024727530920509e-03

 306	1.650638321700896e-07
	3.300000000000000e+00
	0.000000000000000e+00
	0.000000000000000e+00
	0.000000000000000e+00
	-1.017906325004370e-03

 307	1.660638321700896e-07
	3.300000000000000e+00
	0.000000000000000e+00
	0.000000000000000e+00
	0.000000000000000e+00
	1.010619946250938e-03

 308	1.670638321700896e-07
	3.300000000000000e+00
	0.000000000000000e+00
	0.000000000000000e+00
	0.000000000000000e+00
	-1.001355970451721e-03

 309	1.680638321700896e-07
	3.300000000000000e+00
	0.000000000000000e+00
	0.000000000000000e+00
	0.000000000000000e+00
	9.920700631610522e-04

 310	1.690638321700896e-07
	3.300000000000000e+00
	0.000000000000000e+00
	0.000000000000000e+00
	0.000000000000000e+00
	-9.813642076468496e-04

 311	1.700638321700896e-07
	3.300000000000000e+00
	0.000000000000000e+00
	0.000000000000000e+00
	0.000000000000000e+00
	9.709640672229819e-04

 312	1.710638321700896e-07
	3.300000000000000e+00
	0.000000000000000e+00
	0.000000000000000e+00
	0.000000000000000e+00
	-9.594980132294571e-04

 313	1.720638321700896e-07
	3.300000000000000e+00
	0.000000000000000e+00
	0.000000000000000e+00
	0.000000000000000e+00
	9.485578029964498e-04

 314	1.730638321700896e-07
	3.300000000000000e+00
	0.000000000000000e+00
	0.000000000000000e+00
	0.000000000000000e+00
	-9.367804190992014e-04

 315	1.740638321700896e-07
	3.300000000000000e+00
	0.000000000000000e+00
	0.000000000000000e+00
	0.000000000000000e+00
	9.256705728692086e-04

 316	1.750638321700896e-07
	3.300000000000000e+00
	0.000000000000000e+00
	0.000000000000000e+00
	0.000000000000000e+00
	-9.138706436553727e-04

 317	1.760638321700896e-07
	3.300000000000000e+00
	0.000000000000000e+00
	0.000000000000000e+00
	0.000000000000000e+00
	9.028256783617707e-04

 318	1.770638321700896e-07
	3.300000000000000e+00
	0.000000000000000e+00
	0.000000000000000e+00
	0.000000000000000e+00
	-8.911837098463833e-04

 319	1.780638321700896e-07
	3.300000000000000e+00
	0.000000000000000e+00
	0.000000000000000e+00
	0.000000000000000e+00
	8.803474707941832e-04

 320	1.790000000000000e-07
	3.300000000000000e+00
	0.000000000000000e+00
	0.000000000000000e+00
	0.000000000000000e+00
	-8.682177252308416e-04

 321	1.791000000000000e-07
	3.300000000000000e+00
	0.000000000000000e+00
	0.000000000000000e+00
	3.300000000000139e-01
	2.442056937728768e-04

 322	1.793000000000000e-07
	3.300000000000000e+00
	0.000000000000000e+00
	0.000000000000000e+00
	9.899999999999760e-01
	-4.153962634840441e-03

 323	1.795479703586980e-07
	3.300000000000000e+00
	0.000000000000000e+00
	0.000000000000000e+00
	1.808302183703395e+00
	9.535097628335829e-01

 324	1.797324631594183e-07
	3.300000000000000e+00
	0.000000000000000e+00
	0.000000000000000e+00
	2.417128426080267e+00
	2.719473974133384e+00

 325	1.799367023223707e-07
	3.300000000000000e+00
	0.000000000000000e+00
	0.000000000000000e+00
	3.091117663823176e+00
	3.386712583047669e+00

 326	1.800000000000000e-07
	3.300000000000000e+00
	0.000000000000000e+00
	0.000000000000000e+00
	3.299999999999975e+00
	3.279211726898799e+00

 327	1.800202148465388e-07
	3.300000000000000e+00
	0.000000000000000e+00
	0.000000000000000e+00
	3.300000000000000e+00
	3.289546744357769e+00

 328	1.800606445396164e-07
	3.300000000000000e+00
	0.000000000000000e+00
	0.000000000000000e+00
	3.300000000000000e+00
	3.299758793947549e+00

 329	1.801415039257716e-07
	3.300000000000000e+00
	0.000000000000000e+00
	0.000000000000000e+00
	3.300000000000000e+00
	3.300060495704483e+00

 330	1.803032226980820e-07
	3.300000000000000e+00
	0.000000000000000e+00
	0.000000000000000e+00
	3.300000000000000e+00
	3.300000599957010e+00

 331	1.806266602427028e-07
	3.300000000000000e+00
	0.000000000000000e+00
	0.000000000000000e+00
	3.300000000000000e+00
	3.299996889493170e+00

 332	1.812735353319445e-07
	3.300000000000000e+00
	0.000000000000000e+00
	0.000000000000000e+00
	3.300000000000000e+00
	3.300008377346867e+00

 333	1.822735353319445e-07
	3.300000000000000e+00
	0.000000000000000e+00
	0.000000000000000e+00
	3.300000000000000e+00
	3.299990230957857e+00

 334	1.832735353319445e-07
	3.300000000000000e+00
	0.000000000000000e+00
	0.000000000000000e+00
	3.300000000000000e+00
	3.300011596770283e+00

 335	1.842735353319445e-07
	3.300000000000000e+00
	0.000000000000000e+00
	0.000000000000000e+00
	3.300000000000000e+00
	3.299986930908433e+00

 336	1.852735353319445e-07
	3.300000000000000e+00
	0.000000000000000e+00
	0.000000000000000e+00
	3.300000000000000e+00
	3.300014355032465e+00

 337	1.862735353319445e-07
	3.300000000000000e+00
	0.000000000000000e+00
	0.000000000000000e+00
	3.300000000000000e+00
	3.299984428636689e+00

 338	1.872735353319445e-07
	3.300000000000000e+00
	0.000000000000000e+00
	0.000000000000000e+00
	3.300000000000000e+00
	3.300016508654716e+00

 339	1.882735353319444e-07
	3.300000000000000e+00
	0.000000000000000e+00
	0.000000000000000e+00
	3.300000000000000e+00
	3.299982520418610e+00

 340	1.892735353319444e-07
	3.300000000000000e+00
	0.000000000000000e+00
	0.000000000000000e+00
	3.300000000000000e+00
	3.300018152967683e+00

 341	1.902735353319444e-07
	3.300000000000000e+00
	0.000000000000000e+00
	0.000000000000000e+00
	3.300000000000000e+00
	3.299981083508045e+00

 342	1.912735353319444e-07
	3.300000000000000e+00
	0.000000000000000e+00
	0.000000000000000e+00
	3.300000000000000e+00
	3.300019383090076e+00

 343	1.922735353319444e-07
	3.300000000000000e+00
	0.000000000000000e+00
	0.000000000000000e+00
	3.300000000000000e+00
	3.299980023181485e+00

 344	1.932735353319444e-07
	3.300000000000000e+00
	0.000000000000000e+00
	0.000000000000000e+00
	3.300000000000000e+00
	3.300020279790588e+00

 345	1.942735353319444e-07
	3.300000000000000e+00
	0.000000000000000e+00
	0.000000000000000e+00
	3.300000000000000e+00
	3.299979263723369e+00

 346	1.952735353319444e-07
	3.300000000000000e+00
	0.000000000000000e+00
	0.000000000000000e+00
	3.300000000000000e+00
	3.300020909389394e+00

 347	1.962735353319444e-07
	3.300000000000000e+00
	0.000000000000000e+00
	0.000000000000000e+00
	3.300000000000000e+00
	3.299978744288624e+00

 348	1.972735353319444e-07
	3.300000000000000e+00
	0.000000000000000e+00
	0.000000000000000e+00
	3.300000000000000e+00
	3.300021325740565e+00

 349	1.982735353319444e-07
	3.300000000000000e+00
	0.000000000000000e+00
	0.000000000000000e+00
	3.300000000000000e+00
	3.299978415915569e+00

 350	1.990000000000000e-07
	3.300000000000000e+00
	0.000000000000000e+00
	0.000000000000000e+00
	3.300000000000000e+00
	3.300021603574993e+00

 351	1.991000000000000e-07
	3.300000000000000e+00
	0.000000000000000e+00
	3.299999999999811e-01
	3.300000000000000e+00
	3.300142731298018e+00

 352	1.993000000000000e-07
	3.300000000000000e+00
	0.000000000000000e+00
	9.899999999999434e-01
	3.300000000000000e+00
	3.299821872751895e+00

 353	1.994427659130028e-07
	3.300000000000000e+00
	0.000000000000000e+00
	1.461127512909127e+00
	3.300000000000000e+00
	3.299989732687374e+00

 354	1.996099359873303e-07
	3.300000000000000e+00
	0.000000000000000e+00
	2.012788758189954e+00
	3.300000000000000e+00
	3.301652969646827e+00

 355	1.996503397619234e-07
	3.300000000000000e+00
	0.000000000000000e+00
	2.146121214347097e+00
	3.300000000000000e+00
	3.303417490917894e+00

 356	1.997311473111095e-07
	3.300000000000000e+00
	0.000000000000000e+00
	2.412786126661381e+00
	3.300000000000000e+00
	3.311219519680999e+00

 357	1.998261813384602e-07
	3.300000000000000e+00
	0.000000000000000e+00
	2.726398416918647e+00
	3.300000000000000e+00
	2.717870433742311e+00

 358	1.999207323588972e-07
	3.300000000000000e+00
	0.000000000000000e+00
	3.038416784360704e+00
	3.300000000000000e+00
	5.630517478078046e-01

 359	2.000000000000000e-07
	3.300000000000000e+00
	0.000000000000000e+00
	3.299999999999942e+00
	3.300000000000000e+00
	-8.784928246945478e-02

 360	2.000099934253468e-07
	3.300000000000000e+00
	0.000000000000000e+00
	3.300000000000000e+00
	3.267021696355412e+00
	-4.024332745559078e-02

 361	2.000299802760405e-07
	3.300000000000000e+00
	0.000000000000000e+00
	3.300000000000000e+00
	3.201065089066236e+00
	-2.196161374331707e-03

 362	2.000699539774279e-07
	3.300000000000000e+00
	0.000000000000000e+00
	3.300000000000000e+00
	3.069151874487885e+00
	1.248715757422428e-03

 363	2.001499013802026e-07
	3.300000000000000e+00
	0.000000000000000e+00
	3.300000000000000e+00
	2.805325445331268e+00
	2.452455597279718e-03

 364	2.003097961857521e-07
	3.300000000000000e+00
	0.000000000000000e+00
	3.300000000000000e+00
	2.277672587018036e+00
	-2.059610103769254e-03

 365	2.005498869489881e-07
	3.300000000000000e+00
	0.000000000000000e+00
	3.300000000000000e+00
	1.485373068339168e+00
	2.341648917578570e-03

 366	2.007967950950325e-07
	3.300000000000000e+00
	0.000000000000000e+00
	3.300000000000000e+00
	6.705761863926014e-01
	1.246408138704310e+00

 367	2.010000000000000e-07
	3.300000000000000e+00
	0.000000000000000e+00
	3.300000000000000e+00
	1.421085471520200e-14
	3.198626932369751e+00

 368	2.010231362762672e-07
	3.300000000000000e+00
	0.000000000000000e+00
	3.300000000000000e+00
	0.000000000000000e+00
	3.257496923009287e+00

 369	2.010694088288015e-07
	3.300000000000000e+00
	0.000000000000000e+00
	3.300000000000000e+00
	0.000000000000000e+00
	3.307173068376830e+00

 370	2.011619539338703e-07
	3.300000000000000e+00
	0.000000000000000e+00
	3.300000000000000e+00
	0.000000000000000e+00
	3.297508613596865e+00

 371	2.013470441440077e-07
	3.300000000000000e+00
	0.000000000000000e+00
	3.300000000000000e+00
	0.000000000000000e+00
	3.301519126753209e+00

 372	2.016454210718963e-07
	3.300000000000000e+00
	0.000000000000000e+00
	3.300000000000000e+00
	0.000000000000000e+00
	3.298808974768220e+00

 373	2.022421749276734e-07
	3.300000000000000e+00
	0.000000000000000e+00
	3.300000000000000e+00
	0.000000000000000e+00
	3.301059770828521e+00

 374	2.032421749276734e-07
	3.300000000000000e+00
	0.000000000000000e+00
	3.300000000000000e+00
	0.000000000000000e+00
	3.299009457776554e+00

 375	2.042421749276733e-07
	3.300000000000000e+00
	0.000000000000000e+00
	3.300000000000000e+00
	0.000000000000000e+00
	3.300926342562038e+00

 376	2.052421749276733e-07
	3.300000000000000e+00
	0.000000000000000e+00
	3.300000000000000e+00
	0.000000000000000e+00
	3.299132064689762e+00

 377	2.062421749276733e-07
	3.300000000000000e+00
	0.000000000000000e+00
	3.300000000000000e+00
	0.000000000000000e+00
	3.300813545438438e+00

 378	2.072421749276733e-07
	3.300000000000000e+00
	0.000000000000000e+00
	3.300000000000000e+00
	0.000000000000000e+00
	3.299235889068866e+00

 379	2.082421749276733e-07
	3.300000000000000e+00
	0.000000000000000e+00
	3.300000000000000e+00
	0.000000000000000e+00
	3.300717912525851e+00

 380	2.092421749276733e-07
	3.300000000000000e+00
	0.000000000000000e+00
	3.300000000000000e+00
	0.000000000000000e+00
	3.299324032471241e+00

 381	2.102421749276733e-07
	3.300000000000000e+00
	0.000000000000000e+00
	3.300000000000000e+00
	0.000000000000000e+00
	3.300636626428750e+00

 382	2.112421749276733e-07
	3.300000000000000e+00
	0.000000000000000e+00
	3.300000000000000e+00
	0.000000000000000e+00
	3.299399043492877e+00

 383	2.122421749276733e-07
	3.300000000000000e+00
	0.000000000000000e+00
	3.300000000000000e+00
	0.000000000000000e+00
	3.300567371892700e+00

 384	2.132421749276733e-07
	3.300000000000000e+00
	0.000000000000000e+00
	3.300000000000000e+00
	0.000000000000000e+00
	3.299463024884360e+00

 385	2.142421749276733e-07
	3.300000000000000e+00
	0.000000000000000e+00
	3.300000000000000e+00
	0.000000000000000e+00
	3.300508235031860e+00

 386	2.152421749276733e-07
	3.300000000000000e+00
	0.000000000000000e+00
	3.300000000000000e+00
	0.000000000000000e+00
	3.299517719598750e+00

 387	2.162421749276733e-07
	3.300000000000000e+00
	0.000000000000000e+00
	3.300000000000000e+00
	0.000000000000000e+00
	3.300457626387271e+00

 388	2.172421749276733e-07
	3.300000000000000e+00
	0.000000000000000e+00
	3.300000000000000e+00
	0.000000000000000e+00
	3.299564578189019e+00

 389	2.182421749276733e-07
	3.300000000000000e+00
	0.000000000000000e+00
	3.300000000000000e+00
	0.000000000000000e+00
	3.300414220803760e+00

 390	2.190000000000000e-07
	3.300000000000000e+00
	0.000000000000000e+00
	3.300000000000000e+00
	0.000000000000000e+00
	3.299610692345978e+00

 391	2.191000000000000e-07
	3.300000000000000e+00
	0.000000000000000e+00
	3.300000000000000e+00
	3.300000000000139e-01
	3.300066770413976e+00

 392	2.193000000000000e-07
	3.300000000000000e+00
	0.000000000000000e+00
	3.300000000000000e+00
	9.899999999999760e-01
	3.299716815751815e+00

 393	2.193500000000000e-07
	3.300000000000000e+00
	0.000000000000000e+00
	3.300000000000000e+00
	1.154999999999989e+00
	3.299741494581220e+00

 394	2.194500000000000e-07
	3.300000000000000e+00
	0.000000000000000e+00
	3.300000000000000e+00
	1.485000000000013e+00
	3.299819143079712e+00

 395	2.196500000000000e-07
	3.300000000000000e+00
	0.000000000000000e+00
	3.300000000000000e+00
	2.144999999999976e+00
	3.310074447781176e+00

 396	2.198411039009080e-07
	3.300000000000000e+00
	0.000000000000000e+00
	3.300000000000000e+00
	2.775642872996406e+00
	6.739235993847974e-01

 397	2.200000000000000e-07
	3.300000000000000e+00
	0.000000000000000e+00
	3.300000000000000e+00
	3.299999999999975e+00
	-8.371028046038873e-02

 398	2.200182634811645e-07
	3.300000000000000e+00
	0.000000000000000e+00
	3.300000000000000e+00
	3.300000000000000e+00
	-3.244936272104207e-02

 399	2.200547904434936e-07
	3.300000000000000e+00
	0.000000000000000e+00
	3.300000000000000e+00
	3.300000000000000e+00
	-2.185682253574475e-03

 400	2.201278443681517e-07
	3.300000000000000e+00
	0.000000000000000e+00
	3.300000000000000e+00
	3.300000000000000e+00
	-2.777179252828055e-03

 401	2.202739522174680e-07
	3.300000000000000e+00
	0.000000000000000e+00
	3.300000000000000e+00
	3.300000000000000e+00
	2.458997141446616e-03

 402	2.205554128197073e-07
	3.300000000000000e+00
	0.000000000000000e+00
	3.300000000000000e+00
	3.300000000000000e+00
	-2.231203106740812e-03

 403	2.211183340241859e-07
	3.300000000000000e+00
	0.000000000000000e+00
	3.300000000000000e+00
	3.300000000000000e+00
	2.164359782608687e-03

 404	2.221183340241859e-07
	3.300000000000000e+00
	0.000000000000000e+00
	3.300000000000000e+00
	3.300000000000000e+00
	-2.123223280441544e-03

 405	2.231183340241859e-07
	3.300000000000000e+00
	0.000000000000000e+00
	3.300000000000000e+00
	3.300000000000000e+00
	2.087453052063514e-03

 406	2.241183340241859e-07
	3.300000000000000e+00
	0.000000000000000e+00
	3.300000000000000e+00
	3.300000000000000e+00
	-2.051921233168427e-03

 407	2.251183340241858e-07
	3.300000000000000e+00
	0.000000000000000e+00
	3.300000000000000e+00
	3.300000000000000e+00
	2.019203892607162e-03

 408	2.261183340241858e-07
	3.300000000000000e+00
	0.000000000000000e+00
	3.300000000000000e+00
	3.300000000000000e+00
	-1.986931672174414e-03

 409	2.271183340241858e-07
	3.300000000000000e+00
	0.000000000000000e+00
	3.300000000000000e+00
	3.300000000000000e+00
	1.956846270648026e-03

 410	2.281183340241858e-07
	3.300000000000000e+00
	0.000000000000000e+00
	3.300000000000000e+00
	3.300000000000000e+00
	-1.927067530174319e-03

 411	2.291183340241858e-07
	3.300000000000000e+00
	0.000000000000000e+00
	3.300000000000000e+00
	3.300000000000000e+00
	1.899139320926722e-03

 412	2.301183340241858e-07
	3.300000000000000e+00
	0.000000000000000e+00
	3.300000000000000e+00
	3.300000000000000e+00
	-1.871370697304645e-03

 413	2.311183340241858e-07
	3.300000000000000e+00
	0.000000000000000e+00
	3.300000000000000e+00
	3.300000000000000e+00
	1.845236222881715e-03

 414	2.321183340241858e-07
	3.300000000000000e+00
	0.000000000000000e+00
	3.300000000000000e+00
	3.300000000000000e+00
	-1.819140566914505e-03

 415	2.331183340241858e-07
	3.300000000000000e+00
	0.000000000000000e+00
	3.300000000000000e+00
	3.300000000000000e+00
	1.794528628749965e-03

 416	2.341183340241858e-07
	3.300000000000000e+00
	0.000000000000000e+00
	3.300000000000000e+00
	3.300000000000000e+00
	-1.769860459889879e-03

 417	2.351183340241858e-07
	3.300000000000000e+00
	0.000000000000000e+00
	3.300000000000000e+00
	3.300000000000000e+00
	1.746565690854445e-03

 418	2.361183340241858e-07
	3.300000000000000e+00
	0.000000000000000e+00
	3.300000000000000e+00
	3.300000000000000e+00
	-1.723140185757765e-03

 419	2.371183340241858e-07
	3.300000000000000e+00
	0.000000000000000e+00
	3.300000000000000e+00
	3.300000000000000e+00
	1.701004649533756e-03

 420	2.381183340241858e-07
	3.300000000000000e+00
	0.000000000000000e+00
	3.300000000000000e+00
	3.300000000000000e+00
	-1.678679776196661e-03

 421	2.390000000000000e-07
	3.300000000000000e+00
	0.000000000000000e+00
	3.300000000000000e+00
	3.300000000000000e+00
	1.654761627394221e-03

 422	2.391000000000000e-07
	3.300000000000000e+00
	3.300000000000248e-01
	3.300000000000000e+00
	3.300000000000000e+00
	3.628272464899981e-04

 423	2.393000000000000e-07
	3.300000000000000e+00
	9.900000000000745e-01
	3.300000000000000e+00
	3.300000000000000e+00
	-1.173595276446277e-02

 424	2.393500000000000e-07
	3.300000000000000e+00
	1.155000000000087e+00
	3.300000000000000e+00
	3.300000000000000e+00
	-1.934314738074186e-02

 425	2.394500000000000e-07
	3.300000000000000e+00
	1.485000000000112e+00
	3.300000000000000e+00
	3.300000000000000e+00
	8.921878869502547e-02

 426	2.394750000000000e-07
	3.300000000000000e+00
	1.567500000000118e+00
	3.300000000000000e+00
	3.300000000000000e+00
	1.836336704379207e-01

 427	2.395250000000000e-07
	3.300000000000000e+00
	1.732500000000130e+00
	3.300000000000000e+00
	3.300000000000000e+00
	5.979118285768695e-01

 428	2.396250000000001e-07
	3.300000000000000e+00
	2.062500000000155e+00
	3.300000000000000e+00
	3.300000000000000e+00
	2.412260705922463e+00

 429	2.397090506514699e-07
	3.300000000000000e+00
	2.339867149850606e+00
	3.300000000000000e+00
	3.300000000000000e+00
	3.326374601298271e+00

 430	2.398014509078318e-07
	3.300000000000000e+00
	2.644787995845050e+00
	3.300000000000000e+00
	3.300000000000000e+00
	3.284959866813577e+00

 431	2.399206445980867e-07
	3.300000000000000e+00
	3.038127173686195e+00
	3.300000000000000e+00
	3.300000000000000e+00
	3.308643312351552e+00

 432	2.400000000000000e-07
	3.300000000000000e+00
	3.299999999999899e+00
	3.300000000000000e+00
	3.300000000000000e+00
	3.296567373909552e+00

 433	2.400124892971473e-07
	3.300000000000000e+00
	3.300000000000000e+00
	3.258785319414091e+00
	3.258785319414091e+00
	3.297001605619628e+00

 434	2.400374678914418e-07
	3.300000000000000e+00
	3.300000000000000e+00
	3.176355958242099e+00
	3.176355958242099e+00
	3.298246566573580e+00

 435	2.400874250800310e-07
	3.300000000000000e+00
	3.300000000000000e+00
	3.011497235897938e+00
	3.011497235897938e+00
	3.299889896645227e+00

 436	2.401873394572092e-07
	3.300000000000000e+00
	3.300000000000000e+00
	2.681779791209618e+00
	2.681779791209618e+00
	3.300434532381406e+00

 437	2.403871682115658e-07
	3.300000000000000e+00
	3.300000000000000e+00
	2.022344901832978e+00
	2.022344901832978e+00
	3.304932923969871e+00

 438	2.405719479317730e-07
	3.300000000000000e+00
	3.300000000000000e+00
	1.412571825149051e+00
	1.412571825149051e+00
	1.779885580089165e+00

 439	2.407684308189669e-07
	3.300000000000000e+00
	3.300000000000000e+00
	7.641782974093072e-01
	7.641782974093072e-01
	9.523690172311212e-02

 440	2.409337086151877e-07
	3.300000000000000e+00
	3.300000000000000e+00
	2.187615698806082e-01
	2.187615698806082e-01
	-3.684181022731929e-02

 441	2.410000000000000e-07
	3.300000000000000e+00
	3.300000000000000e+00
	1.016964290556643e-13
	1.016964290556643e-13
	-6.113269617805950e-03

 442	2.410178865030291e-07
	3.300000000000000e+00
	3.300000000000000e+00
	0.000000000000000e+00
	0.000000000000000e+00
	7.778346620171961e-04

 443	2.410536595090872e-07
	3.300000000000000e+00
	3.300000000000000e+00
	0.000000000000000e+00
	0.000000000000000e+00
	2.105463463985741e-03

 444	2.411252055212035e-07
	3.300000000000000e+00
	3.300000000000000e+00
	0.000000000000000e+00
	0.000000000000000e+00
	-8.919852390775612e-04

 445	2.412682975454361e-07
	3.300000000000000e+00
	3.300000000000000e+00
	0.000000000000000e+00
	0.000000000000000e+00
	6.777087621462063e-04

 446	2.415544815939013e-07
	3.300000000000000e+00
	3.300000000000000e+00
	0.000000000000000e+00
	0.000000000000000e+00
	-6.147907115349946e-04

 447	2.420629942914292e-07
	3.300000000000000e+00
	3.300000000000000e+00
	0.000000000000000e+00
	0.000000000000000e+00
	5.877333254108233e-04

 448	2.428336130784511e-07
	3.300000000000000e+00
	3.300000000000000e+00
	0.000000000000000e+00
	0.000000000000000e+00
	-5.703526780771254e-04

 449	2.438336130784511e-07
	3.300000000000000e+00
	3.300000000000000e+00
	0.000000000000000e+00
	0.000000000000000e+00
	5.586319071325761e-04

 450	2.448336130784511e-07
	3.300000000000000e+00
	3.300000000000000e+00
	0.000000000000000e+00
	0.000000000000000e+00
	-5.466791942833008e-04

 451	2.458336130784511e-07
	3.300000000000000e+00
	3.300000000000000e+00
	0.000000000000000e+00
	0.000000000000000e+00
	5.360073218202629e-04

 452	2.468336130784512e-07
	3.300000000000000e+00
	3.300000000000000e+00
	0.000000000000000e+00
	0.000000000000000e+00
	-5.251321135352326e-04

 453	2.478336130784512e-07
	3.300000000000000e+00
	3.300000000000000e+00
	0.000000000000000e+00
	0.000000000000000e+00
	5.153837425802138e-04

 454	2.488336130784512e-07
	3.300000000000000e+00
	3.300000000000000e+00
	0.000000000000000e+00
	0.000000000000000e+00
	-5.053959796494558e-04

 455	2.498336130784512e-07
	3.300000000000000e+00
	3.300000000000000e+00
	0.000000000000000e+00
	0.000000000000000e+00
	4.964412844342004e-04

 456	2.508336130784512e-07
	3.300000000000000e+00
	3.300000000000000e+00
	0.000000000000000e+00
	0.000000000000000e+00
	-4.872062940337162e-04

 457	2.518336130784513e-07
	3.300000000000000e+00
	3.300000000000000e+00
	0.000000000000000e+00
	0.000000000000000e+00
	4.789370356356269e-04

 458	2.528336130784513e-07
	3.300000000000000e+00
	3.300000000000000e+00
	0.000000000000000e+00
	0.000000000000000e+00
	-4.703506208686929e-04

 459	2.538336130784513e-07
	3.300000000000000e+00
	3.300000000000000e+00
	0.000000000000000e+00
	0.000000000000000e+00
	4.626780208377545e-04

 460	2.548336130784513e-07
	3.300000000000000e+00
	3.300000000000000e+00
	0.000000000000000e+00
	0.000000000000000e+00
	-4.546566454317110e-04

 461	2.558336130784514e-07
	3.300000000000000e+00
	3.300000000000000e+00
	0.000000000000000e+00
	0.000000000000000e+00
	4.475074879777222e-04

 462	2.568336130784514e-07
	3.300000000000000e+00
	3.300000000000000e+00
	0.000000000000000e+00
	0.000000000000000e+00
	-4.399827809787663e-04

 463	2.578336130784514e-07
	3.300000000000000e+00
	3.300000000000000e+00
	0.000000000000000e+00
	0.000000000000000e+00
	4.332961449217427e-04

 464	2.588336130784514e-07
	3.300000000000000e+00
	3.300000000000000e+00
	0.000000000000000e+00
	0.000000000000000e+00
	-4.262113279627326e-04

 465	2.590000000000001e-07
	3.300000000000000e+00
	3.300000000000000e+00
	0.000000000000000e+00
	1.637817612854995e-13
	3.901621655858847e-04

 466	2.591000000000001e-07
	3.300000000000000e+00
	3.300000000000000e+00
	0.000000000000000e+00
	3.300000000001886e-01
	2.817147052396399e-04

 467	2.593000000000001e-07
	3.300000000000000e+00
	3.300000000000000e+00
	0.000000000000000e+00
	9.900000000002382e-01
	-5.288448265667947e-04

 468	2.595882066191911e-07
	3.300000000000000e+00
	3.300000000000000e+00
	0.000000000000000e+00
	1.941081843330361e+00
	5.004000091062000e-06

 469	2.598541525181524e-07
	3.300000000000000e+00
	3.300000000000000e+00
	0.000000000000000e+00
	2.818703309902840e+00
	-3.072214901820788e-04

 470	2.600000000000001e-07
	3.300000000000000e+00
	3.300000000000000e+00
	0.000000000000000e+00
	3.300000000000000e+00
	9.961404397134319e-04

 471	2.600450730511023e-07
	3.300000000000000e+00
	3.300000000000000e+00
	0.000000000000000e+00
	3.300000000000000e+00
	4.594001901873229e-04

 472	2.601352191533065e-07
	3.300000000000000e+00
	3.300000000000000e+00
	0.000000000000000e+00
	3.300000000000000e+00
	1.448116339120009e-06

 473	2.603155113577151e-07
	3.300000000000000e+00
	3.300000000000000e+00
	0.000000000000000e+00
	3.300000000000000e+00
	1.477286218828297e-04

 474	2.606760957665322e-07
	3.300000000000000e+00
	3.300000000000000e+00
	0.000000000000000e+00
	3.300000000000000e+00
	-9.743916578993858e-05

 475	2.613629102416991e-07
	3.300000000000000e+00
	3.300000000000000e+00
	0.000000000000000e+00
	3.300000000000000e+00
	8.799084531113666e-05

 476	2.623629102416992e-07
	3.300000000000000e+00
	3.300000000000000e+00
	0.000000000000000e+00
	3.300000000000000e+00
	-7.644040440022391e-05

 477	2.633629102416992e-07
	3.300000000000000e+00
	3.300000000000000e+00
	0.000000000000000e+00
	3.300000000000000e+00
	6.776775542522047e-05

 478	2.643629102416992e-07
	3.300000000000000e+00
	3.300000000000000e+00
	0.000000000000000e+00
	3.300000000000000e+00
	-5.813203981524552e-05

 479	2.653629102416992e-07
	3.300000000000000e+00
	3.300000000000000e+00
	0.000000000000000e+00
	3.300000000000000e+00
	5.005236227665147e-05

 480	2.663629102416992e-07
	3.300000000000000e+00
	3.300000000000000e+00
	0.000000000000000e+00
	3.300000000000000e+00
	-4.163032969800758e-05

 481	2.673629102416993e-07
	3.300000000000000e+00
	3.300000000000000e+00
	0.000000000000000e+00
	3.300000000000000e+00
	3.454690624698879e-05

 482	2.683629102416993e-07
	3.300000000000000e+00
	3.300000000000000e+00
	0.000000000000000e+00
	3.300000000000000e+00
	-2.729421812372110e-05

 483	2.693629102416993e-07
	3.300000000000000e+00
	3.300000000000000e+00
	0.000000000000000e+00
	3.300000000000000e+00
	2.127942728310378e-05

 484	2.703629102416993e-07
	3.300000000000000e+00
	3.300000000000000e+00
	0.000000000000000e+00
	3.300000000000000e+00
	-1.514168698322528e-05

 485	2.713629102416994e-07
	3.300000000000000e+00
	3.300000000000000e+00
	0.000000000000000e+00
	3.300000000000000e+00
	1.015657602926844e-05

 486	2.723629102416994e-07
	3.300000000000000e+00
	3.300000000000000e+00
	0.000000000000000e+00
	3.300000000000000e+00
	-5.058143611607474e-06

 487	2.733629102416994e-07
	3.300000000000000e+00
	3.300000000000000e+00
	0.000000000000000e+00
	3.300000000000000e+00
	1.021390522135818e-06

 488	2.743629102416994e-07
	3.300000000000000e+00
	3.300000000000000e+00
	0.000000000000000e+00
	3.300000000000000e+00
	3.157344216631053e-06

 489	2.753629102416994e-07
	3.300000000000000e+00
	3.300000000000000e+00
	0.000000000000000e+00
	3.300000000000000e+00
	-6.342242545434584e-06

 490	2.763629102416995e-07
	3.300000000000000e+00
	3.300000000000000e+00
	0.000000000000000e+00
	3.300000000000000e+00
	9.714345131904903e-06

 491	2.773629102416995e-07
	3.300000000000000e+00
	3.300000000000000e+00
	0.000000000000000e+00
	3.300000000000000e+00
	-1.215597498924713e-05

 492	2.783629102416995e-07
	3.300000000000000e+00
	3.300000000000000e+00
	0.000000000000000e+00
	3.300000000000000e+00
	1.483276723166643e-05

 493	2.790000000000000e-07
	3.300000000000000e+00
	3.300000000000000e+00
	4.367513634279986e-14
	3.300000000000000e+00
	-1.770520065036071e-05

 494	2.791000000000001e-07
	3.300000000000000e+00
	3.300000000000000e+00
	3.300000000000685e-01
	3.300000000000000e+00
	3.421360883172700e-04

 495	2.791250000000001e-07
	3.300000000000000e+00
	3.300000000000000e+00
	4.125000000000746e-01
	3.300000000000000e+00
	2.736474428494673e-04

 496	2.791750000000001e-07
	3.300000000000000e+00
	3.300000000000000e+00
	5.775000000000871e-01
	3.300000000000000e+00
	7.369342159790904e-05

 497	2.792750000000001e-07
	3.300000000000000e+00
	3.300000000000000e+00
	9.075000000001119e-01
	3.300000000000000e+00
	-9.536675984704618e-03

 498	2.794750000000001e-07
	3.300000000000000e+00
	3.300000000000000e+00
	1.567500000000161e+00
	3.300000000000000e+00
	1.211950819816804e-01

 499	2.796845478571831e-07
	3.300000000000000e+00
	3.300000000000000e+00
	2.259007928704128e+00
	3.300000000000000e+00
	2.460771327388720e+00

 500	2.798463618631748e-07
	3.300000000000000e+00
	3.300000000000000e+00
	2.792994148476688e+00
	3.300000000000000e+00
	3.475056662587447e+00

 501	2.800000000000000e-07
	3.300000000000000e+00
	3.300000000000000e+00
	3.299999999999942e+00
	3.300000000000000e+00
	3.203510336750057e+00

 502	2.800173316188118e-07
	3.300000000000000e+00
	3.300000000000000e+00
	3.300000000000000e+00
	3.242805657921037e+00
	3.246046753867250e+00

 503	2.800519948564354e-07
	3.300000000000000e+00
	3.300000000000000e+00
	3.300000000000000e+00
	3.128416973763287e+00
	3.292923326414488e+00

 504	2.801213213316826e-07
	3.300000000000000e+00
	3.300000000000000e+00
	3.300000000000000e+00
	2.899639605447610e+00
	3.301108207622716e+00

 505	2.802599742821769e-07
	3.300000000000000e+00
	3.300000000000000e+00
	3.300000000000000e+00
	2.442084868816257e+00
	3.300420414174949e+00

 506	2.805269631338010e-07
	3.300000000000000e+00
	3.300000000000000e+00
	3.300000000000000e+00
	1.561021658456731e+00
	3.304341733498017e+00

 507	2.807951895333555e-07
	3.300000000000000e+00
	3.300000000000000e+00
	3.300000000000000e+00
	6.758745399268622e-01
	6.218411221182468e-01

 508	2.810000000000000e-07
	3.300000000000000e+00
	3.300000000000000e+00
	3.300000000000000e+00
	0.000000000000000e+00
	-2.235577088086336e-01

 509	2.810244714508005e-07
	3.300000000000000e+00
	3.300000000000000e+00
	3.300000000000000e+00
	0.000000000000000e+00
	-1.100345018172574e-01

 510	2.810734143524015e-07
	3.300000000000000e+00
	3.300000000000000e+00
	3.300000000000000e+00
	0.000000000000000e+00
	-8.516799541384401e-03

 511	2.811713001556034e-07
	3.300000000000000e+00
	3.300000000000000e+00
	3.300000000000000e+00
	0.000000000000000e+00
	-3.619621809638249e-03

 512	2.813534650708901e-07
	3.300000000000000e+00
	3.300000000000000e+00
	3.300000000000000e+00
	0.000000000000000e+00
	3.072124146630717e-03

 513	2.815634938870263e-07
	3.300000000000000e+00
	3.300000000000000e+00
	3.300000000000000e+00
	0.000000000000000e+00
	-2.576245517941445e-03

 514	2.819835515192987e-07
	3.300000000000000e+00
	3.300000000000000e+00
	3.300000000000000e+00
	0.000000000000000e+00
	2.355647606956980e-03

 515	2.828236667838435e-07
	3.300000000000000e+00
	3.300000000000000e+00
	3.300000000000000e+00
	0.000000000000000e+00
	-2.250988795089105e-03

 516	2.838236667838435e-07
	3.300000000000000e+00
	3.300000000000000e+00
	3.300000000000000e+00
	0.000000000000000e+00
	2.168500031953917e-03

 517	2.848236667838435e-07
	3.300000000000000e+00
	3.300000000000000e+00
	3.300000000000000e+00
	0.000000000000000e+00
	-2.088321531062733e-03

 518	2.858236667838436e-07
	3.300000000000000e+00
	3.300000000000000e+00
	3.300000000000000e+00
	0.000000000000000e+00
	2.012860399340516e-03

 519	2.868236667838436e-07
	3.300000000000000e+00
	3.300000000000000e+00
	3.300000000000000e+00
	0.000000000000000e+00
	-1.939787881037826e-03

 520	2.878236667838436e-07
	3.300000000000000e+00
	3.300000000000000e+00
	3.300000000000000e+00
	0.000000000000000e+00
	1.871099233683081e-03

 521	2.888236667838436e-07
	3.300000000000000e+00
	3.300000000000000e+00
	3.300000000000000e+00
	0.000000000000000e+00
	-1.804710288361981e-03

 522	2.898236667838436e-07
	3.300000000000000e+00
	3.300000000000000e+00
	3.300000000000000e+00
	0.000000000000000e+00
	1.742378428215884e-03

 523	2.908236667838437e-07
	3.300000000000000e+00
	3.300000000000000e+00
	3.300000000000000e+00
	0.000000000000000e+00
	-1.682184859692380e-03

 524	2.918236667838437e-07
	3.300000000000000e+00
	3.300000000000000e+00
	3.300000000000000e+00
	0.000000000000000e+00
	1.625727008040803e-03

 525	2.928236667838437e-07
	3.300000000000000e+00
	3.300000000000000e+00
	3.300000000000000e+00
	0.000000000000000e+00
	-1.571220005118454e-03

 526	2.938236667838437e-07
	3.300000000000000e+00
	3.300000000000000e+00
	3.300000000000000e+00
	0.000000000000000e+00
	1.520106283896969e-03

 527	2.948236667838438e-07
	3.300000000000000e+00
	3.300000000000000e+00
	3.300000000000000e+00
	0.000000000000000e+00
	-1.470776722206656e-03

 528	2.958236667838438e-07
	3.300000000000000e+00
	3.300000000000000e+00
	3.300000000000000e+00
	0.000000000000000e+00
	1.424536664924718e-03

 529	2.968236667838438e-07
	3.300000000000000e+00
	3.300000000000000e+00
	3.300000000000000e+00
	0.000000000000000e+00
	-1.379865562421001e-03

 530	2.978236667838438e-07
	3.300000000000000e+00
	3.300000000000000e+00
	3.300000000000000e+00
	0.000000000000000e+00
	1.338022120269740e-03

 531	2.988236667838438e-07
	3.300000000000000e+00
	3.300000000000000e+00
	3.300000000000000e+00
	0.000000000000000e+00
	-1.297540320397708e-03

 532	2.990000000000000e-07
	3.300000000000000e+00
	3.300000000000000e+00
	3.300000000000000e+00
	0.000000000000000e+00
	1.103974210120186e-03

 533	2.991000000000000e-07
	3.300000000000000e+00
	3.300000000000000e+00
	3.300000000000000e+00
	3.300000000000139e-01
	5.229650511457268e-04

 534	2.993000000000000e-07
	3.300000000000000e+00
	3.300000000000000e+00
	3.300000000000000e+00
	9.900000000000635e-01
	-1.055418662510229e-02

 535	2.993478025801364e-07
	3.300000000000000e+00
	3.300000000000000e+00
	3.300000000000000e+00
	1.147748514449956e+00
	-1.365239058811318e-02

 536	2.994434077404090e-07
	3.300000000000000e+00
	3.300000000000000e+00
	3.300000000000000e+00
	1.463245543349741e+00
	-4.486491221154382e-04

 537	2.995824983943614e-07
	3.300000000000000e+00
	3.300000000000000e+00
	3.300000000000000e+00
	1.922244701392672e+00
	4.446027177712828e-01

 538	2.997168784146341e-07
	3.300000000000000e+00
	3.300000000000000e+00
	3.300000000000000e+00
	2.365698768292308e+00
	2.443093654820467e+00

 539	2.998347179959894e-07
	3.300000000000000e+00
	3.300000000000000e+00
	3.300000000000000e+00
	2.754569386764861e+00
	3.434419032271953e+00

 540	2.999631831641388e-07
	3.300000000000000e+00
	3.300000000000000e+00
	3.300000000000000e+00
	3.178504441657923e+00
	3.230929319228133e+00

 541	3.000000000000000e-07
	3.300000000000000e+00
	3.300000000000000e+00
	3.300000000000000e+00
	3.300000000000000e+00
	3.296631380140060e+00

 542	3.000152352337831e-07
	3.300000000000000e+00
	3.300000000000000e+00
	3.300000000000000e+00
	3.300000000000000e+00
	3.297324548206504e+00

 543	3.000457057013492e-07
	3.300000000000000e+00
	3.300000000000000e+00
	3.300000000000000e+00
	3.300000000000000e+00
	3.298829928103092e+00

 544	3.001066466364814e-07
	3.300000000000000e+00
	3.300000000000000e+00
	3.300000000000000e+00
	3.300000000000000e+00
	3.300089482658748e+00

 545	3.002285285067457e-07
	3.300000000000000e+00
	3.300000000000000e+00
	3.300000000000000e+00
	3.300000000000000e+00
	3.299951526112804e+00

 546	3.004722922472744e-07
	3.300000000000000e+00
	3.300000000000000e+00
	3.300000000000000e+00
	3.300000000000000e+00
	3.300036606227148e+00

 547	3.009598197283319e-07
	3.300000000000000e+00
	3.300000000000000e+00
	3.300000000000000e+00
	3.300000000000000e+00
	3.299967727194630e+00

 548	3.019348746904467e-07
	3.300000000000000e+00
	3.300000000000000e+00
	3.300000000000000e+00
	3.300000000000000e+00
	3.300030190551049e+00

 549	3.029348746904468e-07
	3.300000000000000e+00
	3.300000000000000e+00
	3.300000000000000e+00
	3.300000000000000e+00
	3.299971439343898e+00

 550	3.039348746904468e-07
	3.300000000000000e+00
	3.300000000000000e+00
	3.300000000000000e+00
	3.300000000000000e+00
	3.300026824529763e+00

 551	3.049348746904468e-07
	3.300000000000000e+00
	3.300000000000000e+00
	3.300000000000000e+00
	3.300000000000000e+00
	3.299974533789512e+00

 552	3.059348746904468e-07
	3.300000000000000e+00
	3.300000000000000e+00
	3.300000000000000e+00
	3.300000000000000e+00
	3.300023980778052e+00

 553	3.069348746904468e-07
	3.300000000000000e+00
	3.300000000000000e+00
	3.300000000000000e+00
	3.300000000000000e+00
	3.299977146826504e+00

 554	3.079348746904469e-07
	3.300000000000000e+00
	3.300000000000000e+00
	3.300000000000000e+00
	3.300000000000000e+00
	3.300021580692409e+00

 555	3.089348746904469e-07
	3.300000000000000e+00
	3.300000000000000e+00
	3.300000000000000e+00
	3.300000000000000e+00
	3.299979350973263e+00

 556	3.099348746904469e-07
	3.300000000000000e+00
	3.300000000000000e+00
	3.300000000000000e+00
	3.300000000000000e+00
	3.300019557366803e+00

 557	3.109348746904469e-07
	3.300000000000000e+00
	3.300000000000000e+00
	3.300000000000000e+00
	3.300000000000000e+00
	3.299981207958356e+00

 558	3.119348746904470e-07
	3.300000000000000e+00
	3.300000000000000e+00
	3.300000000000000e+00
	3.300000000000000e+00
	3.300017853854960e+00

 559	3.129348746904470e-07
	3.300000000000000e+00
	3.300000000000000e+00
	3.300000000000000e+00
	3.300000000000000e+00
	3.299982770322415e+00

 560	3.139348746904470e-07
	3.300000000000000e+00
	3.300000000000000e+00
	3.300000000000000e+00
	3.300000000000000e+00
	3.300016421689268e+00

 561	3.149348746904470e-07
	3.300000000000000e+00
	3.300000000000000e+00
	3.300000000000000e+00
	3.300000000000000e+00
	3.299984082780140e+00

 562	3.159348746904470e-07
	3.300000000000000e+00
	3.300000000000000e+00
	3.300000000000000e+00
	3.300000000000000e+00
	3.300015219618524e+00

 563	3.169348746904471e-07
	3.300000000000000e+00
	3.300000000000000e+00
	3.300000000000000e+00
	3.300000000000000e+00
	3.299985183389071e+00

 564	3.179348746904471e-07
	3.300000000000000e+00
	3.300000000000000e+00
	3.300000000000000e+00
	3.300000000000000e+00
	3.300014212535688e+00

 565	3.189348746904471e-07
	3.300000000000000e+00
	3.300000000000000e+00
	3.300000000000000e+00
	3.300000000000000e+00
	3.299986104542287e+00

 566	3.199348746904471e-07
	3.300000000000000e+00
	3.300000000000000e+00
	3.300000000000000e+00
	3.300000000000000e+00
	3.300013370564359e+00

 567	3.200000000000000e-07
	3.300000000000000e+00
	3.300000000000000e+00
	3.300000000000000e+00
	3.300000000000000e+00
	3.299989932483205e+00

