Title: * spice3 file created from seg_a.ext - technology: tsmc
Date: Wed Apr 26 16:53:12  2017
Plotname: Transient Analysis
Flags: real
No. Variables: 6
No. Points: 547
Variables:
	0	time	time
	1	a	voltage
	2	b	voltage
	3	c	voltage
	4	d	voltage
	5	y	voltage
Values:
 0	0.000000000000000e+00
	0.000000000000000e+00
	0.000000000000000e+00
	0.000000000000000e+00
	0.000000000000000e+00
	1.049892314039052e-07

 1	1.000000000000000e-11
	0.000000000000000e+00
	0.000000000000000e+00
	0.000000000000000e+00
	0.000000000000000e+00
	1.049888953275069e-07

 2	2.000000000000000e-11
	0.000000000000000e+00
	0.000000000000000e+00
	0.000000000000000e+00
	0.000000000000000e+00
	1.049887840276487e-07

 3	4.000000000000000e-11
	0.000000000000000e+00
	0.000000000000000e+00
	0.000000000000000e+00
	0.000000000000000e+00
	1.049887802528904e-07

 4	8.000000000000001e-11
	0.000000000000000e+00
	0.000000000000000e+00
	0.000000000000000e+00
	0.000000000000000e+00
	1.049888078141770e-07

 5	1.600000000000000e-10
	0.000000000000000e+00
	0.000000000000000e+00
	0.000000000000000e+00
	0.000000000000000e+00
	1.049891789339785e-07

 6	3.200000000000000e-10
	0.000000000000000e+00
	0.000000000000000e+00
	0.000000000000000e+00
	0.000000000000000e+00
	1.049894788746064e-07

 7	6.400000000000001e-10
	0.000000000000000e+00
	0.000000000000000e+00
	0.000000000000000e+00
	0.000000000000000e+00
	1.049890283912058e-07

 8	1.280000000000000e-09
	0.000000000000000e+00
	0.000000000000000e+00
	0.000000000000000e+00
	0.000000000000000e+00
	1.049893884642883e-07

 9	2.000000000000000e-09
	0.000000000000000e+00
	0.000000000000000e+00
	0.000000000000000e+00
	0.000000000000000e+00
	1.049890527692748e-07

 10	2.100000000000000e-09
	3.300000000000002e-01
	3.300000000000002e-01
	3.300000000000002e-01
	3.300000000000002e-01
	5.107735860214457e-04

 11	2.300000000000000e-09
	9.900000000000007e-01
	9.900000000000007e-01
	9.900000000000007e-01
	9.900000000000007e-01
	-2.287335596287843e-02

 12	2.505545289011445e-09
	1.668299453737767e+00
	1.668299453737767e+00
	1.668299453737767e+00
	1.668299453737767e+00
	1.721132810142112e-01

 13	2.713276478244208e-09
	2.353812378205885e+00
	2.353812378205885e+00
	2.353812378205885e+00
	2.353812378205885e+00
	1.505043738878104e-01

 14	2.921015872686857e-09
	3.039352379866628e+00
	3.039352379866628e+00
	3.039352379866628e+00
	3.039352379866628e+00
	-8.217326726313212e-02

 15	3.000000000000000e-09
	3.300000000000000e+00
	3.300000000000000e+00
	3.300000000000000e+00
	3.300000000000000e+00
	4.216280125686617e-04

 16	3.022492625010868e-09
	3.300000000000000e+00
	3.300000000000000e+00
	3.300000000000000e+00
	3.300000000000000e+00
	4.850697838785473e-03

 17	3.067477875032603e-09
	3.300000000000000e+00
	3.300000000000000e+00
	3.300000000000000e+00
	3.300000000000000e+00
	3.817764308712640e-03

 18	3.157448375076074e-09
	3.300000000000000e+00
	3.300000000000000e+00
	3.300000000000000e+00
	3.300000000000000e+00
	-1.916010898924042e-03

 19	3.337389375163016e-09
	3.300000000000000e+00
	3.300000000000000e+00
	3.300000000000000e+00
	3.300000000000000e+00
	1.405054352802720e-03

 20	3.697271375336899e-09
	3.300000000000000e+00
	3.300000000000000e+00
	3.300000000000000e+00
	3.300000000000000e+00
	-1.205315274571815e-03

 21	4.417035375684666e-09
	3.300000000000000e+00
	3.300000000000000e+00
	3.300000000000000e+00
	3.300000000000000e+00
	1.117623355472303e-03

 22	5.417035375684666e-09
	3.300000000000000e+00
	3.300000000000000e+00
	3.300000000000000e+00
	3.300000000000000e+00
	-1.058184872743626e-03

 23	6.417035375684665e-09
	3.300000000000000e+00
	3.300000000000000e+00
	3.300000000000000e+00
	3.300000000000000e+00
	1.002532059526891e-03

 24	7.417035375684665e-09
	3.300000000000000e+00
	3.300000000000000e+00
	3.300000000000000e+00
	3.300000000000000e+00
	-9.506039204411430e-04

 25	8.417035375684665e-09
	3.300000000000000e+00
	3.300000000000000e+00
	3.300000000000000e+00
	3.300000000000000e+00
	8.996526801943790e-04

 26	9.417035375684666e-09
	3.300000000000000e+00
	3.300000000000000e+00
	3.300000000000000e+00
	3.300000000000000e+00
	-8.530366569381650e-04

 27	1.041703537568467e-08
	3.300000000000000e+00
	3.300000000000000e+00
	3.300000000000000e+00
	3.300000000000000e+00
	8.076315398489273e-04

 28	1.141703537568467e-08
	3.300000000000000e+00
	3.300000000000000e+00
	3.300000000000000e+00
	3.300000000000000e+00
	-7.657560042940281e-04

 29	1.241703537568467e-08
	3.300000000000000e+00
	3.300000000000000e+00
	3.300000000000000e+00
	3.300000000000000e+00
	7.252364181482666e-04

 30	1.341703537568467e-08
	3.300000000000000e+00
	3.300000000000000e+00
	3.300000000000000e+00
	3.300000000000000e+00
	-6.875966058935701e-04

 31	1.441703537568467e-08
	3.300000000000000e+00
	3.300000000000000e+00
	3.300000000000000e+00
	3.300000000000000e+00
	6.513866110133670e-04

 32	1.541703537568467e-08
	3.300000000000000e+00
	3.300000000000000e+00
	3.300000000000000e+00
	3.300000000000000e+00
	-6.175342934135342e-04

 33	1.641703537568467e-08
	3.300000000000000e+00
	3.300000000000000e+00
	3.300000000000000e+00
	3.300000000000000e+00
	5.851327857067014e-04

 34	1.741703537568467e-08
	3.300000000000000e+00
	3.300000000000000e+00
	3.300000000000000e+00
	3.300000000000000e+00
	-5.546696298302858e-04

 35	1.841703537568467e-08
	3.300000000000000e+00
	3.300000000000000e+00
	3.300000000000000e+00
	3.300000000000000e+00
	5.256396256380861e-04

 36	1.941703537568466e-08
	3.300000000000000e+00
	3.300000000000000e+00
	3.300000000000000e+00
	3.300000000000000e+00
	-4.982113710870692e-04

 37	2.041703537568466e-08
	3.300000000000000e+00
	3.300000000000000e+00
	3.300000000000000e+00
	3.300000000000000e+00
	4.735368733469244e-04

 38	2.100000000000000e-08
	3.300000000000000e+00
	3.300000000000000e+00
	3.300000000000000e+00
	3.300000000000000e+00
	-4.301611848039899e-04

 39	2.110000000000000e-08
	3.300000000000000e+00
	3.300000000000000e+00
	3.300000000000000e+00
	2.969999999999997e+00
	-1.441992368352990e-04

 40	2.130000000000000e-08
	3.300000000000000e+00
	3.300000000000000e+00
	3.300000000000000e+00
	2.310000000000002e+00
	3.645332984671124e-06

 41	2.170000000000000e-08
	3.300000000000000e+00
	3.300000000000000e+00
	3.300000000000000e+00
	9.900000000000015e-01
	4.773814250082914e-05

 42	2.200000000000000e-08
	3.300000000000000e+00
	3.300000000000000e+00
	3.300000000000000e+00
	0.000000000000000e+00
	-6.481001888385823e-05

 43	2.207283984230961e-08
	3.300000000000000e+00
	3.300000000000000e+00
	3.300000000000000e+00
	0.000000000000000e+00
	1.453878951461346e-04

 44	2.221851952692882e-08
	3.300000000000000e+00
	3.300000000000000e+00
	3.300000000000000e+00
	0.000000000000000e+00
	-4.787968215814314e-05

 45	2.250987889616724e-08
	3.300000000000000e+00
	3.300000000000000e+00
	3.300000000000000e+00
	0.000000000000000e+00
	1.992128122176723e-05

 46	2.309259763464408e-08
	3.300000000000000e+00
	3.300000000000000e+00
	3.300000000000000e+00
	0.000000000000000e+00
	-8.970515615318309e-06

 47	2.409259763464408e-08
	3.300000000000000e+00
	3.300000000000000e+00
	3.300000000000000e+00
	0.000000000000000e+00
	3.833289769133996e-06

 48	2.509259763464408e-08
	3.300000000000000e+00
	3.300000000000000e+00
	3.300000000000000e+00
	0.000000000000000e+00
	1.402459933914912e-06

 49	2.609259763464408e-08
	3.300000000000000e+00
	3.300000000000000e+00
	3.300000000000000e+00
	0.000000000000000e+00
	-5.421695135130258e-06

 50	2.709259763464408e-08
	3.300000000000000e+00
	3.300000000000000e+00
	3.300000000000000e+00
	0.000000000000000e+00
	9.670130676986410e-06

 51	2.809259763464408e-08
	3.300000000000000e+00
	3.300000000000000e+00
	3.300000000000000e+00
	0.000000000000000e+00
	-1.280253873591972e-05

 52	2.909259763464408e-08
	3.300000000000000e+00
	3.300000000000000e+00
	3.300000000000000e+00
	0.000000000000000e+00
	1.623585827359962e-05

 53	3.009259763464408e-08
	3.300000000000000e+00
	3.300000000000000e+00
	3.300000000000000e+00
	0.000000000000000e+00
	-1.862557216819084e-05

 54	3.109259763464408e-08
	3.300000000000000e+00
	3.300000000000000e+00
	3.300000000000000e+00
	0.000000000000000e+00
	2.137540299502853e-05

 55	3.209259763464408e-08
	3.300000000000000e+00
	3.300000000000000e+00
	3.300000000000000e+00
	0.000000000000000e+00
	-2.314482240587702e-05

 56	3.309259763464409e-08
	3.300000000000000e+00
	3.300000000000000e+00
	3.300000000000000e+00
	0.000000000000000e+00
	2.532306235763712e-05

 57	3.409259763464409e-08
	3.300000000000000e+00
	3.300000000000000e+00
	3.300000000000000e+00
	0.000000000000000e+00
	-2.657099412846711e-05

 58	3.509259763464409e-08
	3.300000000000000e+00
	3.300000000000000e+00
	3.300000000000000e+00
	0.000000000000000e+00
	2.828149986982068e-05

 59	3.609259763464409e-08
	3.300000000000000e+00
	3.300000000000000e+00
	3.300000000000000e+00
	0.000000000000000e+00
	-2.909219310650787e-05

 60	3.709259763464410e-08
	3.300000000000000e+00
	3.300000000000000e+00
	3.300000000000000e+00
	0.000000000000000e+00
	3.041158782698603e-05

 61	3.809259763464410e-08
	3.300000000000000e+00
	3.300000000000000e+00
	3.300000000000000e+00
	0.000000000000000e+00
	-3.086226791432049e-05

 62	3.900000000000001e-08
	3.300000000000000e+00
	3.300000000000000e+00
	3.300000000000000e+00
	0.000000000000000e+00
	3.184814745587142e-05

 63	3.910000000000001e-08
	3.300000000000000e+00
	3.300000000000000e+00
	2.969999999999997e+00
	0.000000000000000e+00
	-2.610223964250036e-06

 64	3.930000000000001e-08
	3.300000000000000e+00
	3.300000000000000e+00
	2.309999999999992e+00
	0.000000000000000e+00
	3.917189009491895e-05

 65	3.958171738429638e-08
	3.300000000000000e+00
	3.300000000000000e+00
	1.380332631821956e+00
	0.000000000000000e+00
	1.440853158111849e-04

 66	3.994349325582792e-08
	3.300000000000000e+00
	3.300000000000000e+00
	1.864722557678729e-01
	0.000000000000000e+00
	2.841342354528084e-04

 67	4.000000000000001e-08
	3.300000000000000e+00
	3.300000000000000e+00
	0.000000000000000e+00
	0.000000000000000e+00
	-1.532179714692009e-03

 68	4.002463404456781e-08
	3.300000000000000e+00
	3.300000000000000e+00
	0.000000000000000e+00
	0.000000000000000e+00
	-9.772188702837359e-04

 69	4.007390213370344e-08
	3.300000000000000e+00
	3.300000000000000e+00
	0.000000000000000e+00
	0.000000000000000e+00
	-2.481216053158153e-04

 70	4.017243831197467e-08
	3.300000000000000e+00
	3.300000000000000e+00
	0.000000000000000e+00
	0.000000000000000e+00
	-3.534079522342359e-05

 71	4.036951066851715e-08
	3.300000000000000e+00
	3.300000000000000e+00
	0.000000000000000e+00
	0.000000000000000e+00
	-3.597563265629600e-06

 72	4.062764927407529e-08
	3.300000000000000e+00
	3.300000000000000e+00
	0.000000000000000e+00
	0.000000000000000e+00
	1.062971608202512e-05

 73	4.114199431956159e-08
	3.300000000000000e+00
	3.300000000000000e+00
	0.000000000000000e+00
	0.000000000000000e+00
	-1.158545264865612e-05

 74	4.200000000000000e-08
	3.300000000000000e+00
	3.300000000000000e+00
	0.000000000000000e+00
	0.000000000000000e+00
	1.215860254074122e-05

 75	4.210000000000000e-08
	3.300000000000000e+00
	3.300000000000000e+00
	0.000000000000000e+00
	3.300000000000030e-01
	1.387033550917446e-04

 76	4.230000000000000e-08
	3.300000000000000e+00
	3.300000000000000e+00
	0.000000000000000e+00
	9.900000000000089e-01
	-1.031010751392503e-04

 77	4.247878448607800e-08
	3.300000000000000e+00
	3.300000000000000e+00
	0.000000000000000e+00
	1.579988804057402e+00
	1.848733260241611e-04

 78	4.268859887047316e-08
	3.300000000000000e+00
	3.300000000000000e+00
	0.000000000000000e+00
	2.272376272561426e+00
	-2.223072088350722e-04

 79	4.300000000000000e-08
	3.300000000000000e+00
	3.300000000000000e+00
	0.000000000000000e+00
	3.300000000000000e+00
	2.536126026565569e-04

 80	4.304196287687903e-08
	3.300000000000000e+00
	3.300000000000000e+00
	0.000000000000000e+00
	3.300000000000000e+00
	-2.389833637132244e-04

 81	4.312588863063710e-08
	3.300000000000000e+00
	3.300000000000000e+00
	0.000000000000000e+00
	3.300000000000000e+00
	-1.457364218438589e-04

 82	4.329374013815322e-08
	3.300000000000000e+00
	3.300000000000000e+00
	0.000000000000000e+00
	3.300000000000000e+00
	1.445927591061172e-04

 83	4.362944315318547e-08
	3.300000000000000e+00
	3.300000000000000e+00
	0.000000000000000e+00
	3.300000000000000e+00
	-1.357503101054730e-04

 84	4.430084918324997e-08
	3.300000000000000e+00
	3.300000000000000e+00
	0.000000000000000e+00
	3.300000000000000e+00
	1.307732240033999e-04

 85	4.530084918324997e-08
	3.300000000000000e+00
	3.300000000000000e+00
	0.000000000000000e+00
	3.300000000000000e+00
	-1.268493987278251e-04

 86	4.630084918324997e-08
	3.300000000000000e+00
	3.300000000000000e+00
	0.000000000000000e+00
	3.300000000000000e+00
	1.232379005938616e-04

 87	4.730084918324998e-08
	3.300000000000000e+00
	3.300000000000000e+00
	0.000000000000000e+00
	3.300000000000000e+00
	-1.191016654837201e-04

 88	4.830084918324998e-08
	3.300000000000000e+00
	3.300000000000000e+00
	0.000000000000000e+00
	3.300000000000000e+00
	1.153385909490844e-04

 89	4.930084918324998e-08
	3.300000000000000e+00
	3.300000000000000e+00
	0.000000000000000e+00
	3.300000000000000e+00
	-1.111065994856050e-04

 90	5.030084918324998e-08
	3.300000000000000e+00
	3.300000000000000e+00
	0.000000000000000e+00
	3.300000000000000e+00
	1.072940925909045e-04

 91	5.130084918324999e-08
	3.300000000000000e+00
	3.300000000000000e+00
	0.000000000000000e+00
	3.300000000000000e+00
	-1.030553322491790e-04

 92	5.230084918324999e-08
	3.300000000000000e+00
	3.300000000000000e+00
	0.000000000000000e+00
	3.300000000000000e+00
	9.927086163629556e-05

 93	5.330084918324999e-08
	3.300000000000000e+00
	3.300000000000000e+00
	0.000000000000000e+00
	3.300000000000000e+00
	-9.509232215477482e-05

 94	5.430084918324999e-08
	3.300000000000000e+00
	3.300000000000000e+00
	0.000000000000000e+00
	3.300000000000000e+00
	9.139374339280255e-05

 95	5.530084918324999e-08
	3.300000000000000e+00
	3.300000000000000e+00
	0.000000000000000e+00
	3.300000000000000e+00
	-8.732494745464052e-05

 96	5.630084918325000e-08
	3.300000000000000e+00
	3.300000000000000e+00
	0.000000000000000e+00
	3.300000000000000e+00
	8.375455305238526e-05

 97	5.730084918325000e-08
	3.300000000000000e+00
	3.300000000000000e+00
	0.000000000000000e+00
	3.300000000000000e+00
	-7.983118148659381e-05

 98	5.830084918325000e-08
	3.300000000000000e+00
	3.300000000000000e+00
	0.000000000000000e+00
	3.300000000000000e+00
	7.641894534440863e-05

 99	5.930084918325000e-08
	3.300000000000000e+00
	3.300000000000000e+00
	0.000000000000000e+00
	3.300000000000000e+00
	-7.266574252620672e-05

 100	6.030084918325001e-08
	3.300000000000000e+00
	3.300000000000000e+00
	0.000000000000000e+00
	3.300000000000000e+00
	6.943192241074675e-05

 101	6.100000000000000e-08
	3.300000000000000e+00
	3.300000000000000e+00
	0.000000000000000e+00
	3.299999999999989e+00
	-6.444887420162596e-05

 102	6.110000000000000e-08
	3.300000000000000e+00
	3.300000000000000e+00
	0.000000000000000e+00
	2.970000000000008e+00
	-1.398562454773405e-04

 103	6.130000000000000e-08
	3.300000000000000e+00
	3.300000000000000e+00
	0.000000000000000e+00
	2.310000000000002e+00
	-3.815705398699937e-05

 104	6.170000000000000e-08
	3.300000000000000e+00
	3.300000000000000e+00
	0.000000000000000e+00
	9.900000000000122e-01
	1.068969435331218e-04

 105	6.200000000000000e-08
	3.300000000000000e+00
	3.300000000000000e+00
	0.000000000000000e+00
	2.531308496145357e-14
	-1.174461764123988e-04

 106	6.207300640780887e-08
	3.300000000000000e+00
	3.300000000000000e+00
	0.000000000000000e+00
	0.000000000000000e+00
	1.745103404844420e-04

 107	6.221901922342660e-08
	3.300000000000000e+00
	3.300000000000000e+00
	0.000000000000000e+00
	0.000000000000000e+00
	-4.699337085079663e-05

 108	6.251104485466209e-08
	3.300000000000000e+00
	3.300000000000000e+00
	0.000000000000000e+00
	0.000000000000000e+00
	1.169928257785391e-05

 109	6.309509611713306e-08
	3.300000000000000e+00
	3.300000000000000e+00
	0.000000000000000e+00
	0.000000000000000e+00
	1.643948288627267e-06

 110	6.409509611713306e-08
	3.300000000000000e+00
	3.300000000000000e+00
	0.000000000000000e+00
	0.000000000000000e+00
	-7.881977777004709e-06

 111	6.509509611713306e-08
	3.300000000000000e+00
	3.300000000000000e+00
	0.000000000000000e+00
	0.000000000000000e+00
	1.404004452390181e-05

 112	6.609509611713305e-08
	3.300000000000000e+00
	3.300000000000000e+00
	0.000000000000000e+00
	0.000000000000000e+00
	-1.876545397006858e-05

 113	6.709509611713305e-08
	3.300000000000000e+00
	3.300000000000000e+00
	0.000000000000000e+00
	0.000000000000000e+00
	2.360427176491785e-05

 114	6.809509611713304e-08
	3.300000000000000e+00
	3.300000000000000e+00
	0.000000000000000e+00
	0.000000000000000e+00
	-2.714297885617924e-05

 115	6.909509611713304e-08
	3.300000000000000e+00
	3.300000000000000e+00
	0.000000000000000e+00
	0.000000000000000e+00
	3.089897560145868e-05

 116	7.009509611713303e-08
	3.300000000000000e+00
	3.300000000000000e+00
	0.000000000000000e+00
	0.000000000000000e+00
	-3.345203828520292e-05

 117	7.109509611713303e-08
	3.300000000000000e+00
	3.300000000000000e+00
	0.000000000000000e+00
	0.000000000000000e+00
	3.632717554621738e-05

 118	7.209509611713303e-08
	3.300000000000000e+00
	3.300000000000000e+00
	0.000000000000000e+00
	0.000000000000000e+00
	-3.806121973845208e-05

 119	7.309509611713302e-08
	3.300000000000000e+00
	3.300000000000000e+00
	0.000000000000000e+00
	0.000000000000000e+00
	4.021098309032155e-05

 120	7.409509611713302e-08
	3.300000000000000e+00
	3.300000000000000e+00
	0.000000000000000e+00
	0.000000000000000e+00
	-4.127650916883711e-05

 121	7.500000000000001e-08
	3.300000000000000e+00
	3.300000000000000e+00
	0.000000000000000e+00
	0.000000000000000e+00
	4.294877981445011e-05

 122	7.510000000000000e-08
	3.300000000000000e+00
	2.970000000000019e+00
	0.000000000000000e+00
	0.000000000000000e+00
	-1.347082828994858e-04

 123	7.530000000000001e-08
	3.300000000000000e+00
	2.310000000000013e+00
	0.000000000000000e+00
	0.000000000000000e+00
	-8.305378018720611e-06

 124	7.558080062187863e-08
	3.300000000000000e+00
	1.383357947800557e+00
	0.000000000000000e+00
	0.000000000000000e+00
	1.124611518473623e-04

 125	7.597180225727833e-08
	3.300000000000000e+00
	9.305255098155429e-02
	0.000000000000000e+00
	0.000000000000000e+00
	-1.431377831932111e-03

 126	7.600000000000001e-08
	3.300000000000000e+00
	0.000000000000000e+00
	0.000000000000000e+00
	0.000000000000000e+00
	-9.890356104586273e-04

 127	7.601724474573331e-08
	3.300000000000000e+00
	0.000000000000000e+00
	0.000000000000000e+00
	0.000000000000000e+00
	3.656061845379865e-04

 128	7.605173423719990e-08
	3.300000000000000e+00
	0.000000000000000e+00
	0.000000000000000e+00
	0.000000000000000e+00
	1.724168893303374e-03

 129	7.612071322013310e-08
	3.300000000000000e+00
	0.000000000000000e+00
	0.000000000000000e+00
	0.000000000000000e+00
	1.471199119763941e-03

 130	7.625867118599951e-08
	3.300000000000000e+00
	0.000000000000000e+00
	0.000000000000000e+00
	0.000000000000000e+00
	2.961754470890490e-04

 131	7.644993976836324e-08
	3.300000000000000e+00
	0.000000000000000e+00
	0.000000000000000e+00
	0.000000000000000e+00
	-4.208363028405937e-05

 132	7.672566017261387e-08
	3.300000000000000e+00
	0.000000000000000e+00
	0.000000000000000e+00
	0.000000000000000e+00
	6.372066164407608e-05

 133	7.720391735941525e-08
	3.300000000000000e+00
	0.000000000000000e+00
	0.000000000000000e+00
	0.000000000000000e+00
	-5.256901710874382e-05

 134	7.816043173301801e-08
	3.300000000000000e+00
	0.000000000000000e+00
	0.000000000000000e+00
	0.000000000000000e+00
	5.260755204427280e-05

 135	7.916043173301800e-08
	3.300000000000000e+00
	0.000000000000000e+00
	0.000000000000000e+00
	0.000000000000000e+00
	-5.004323109737523e-05

 136	8.016043173301800e-08
	3.300000000000000e+00
	0.000000000000000e+00
	0.000000000000000e+00
	0.000000000000000e+00
	4.872336151584035e-05

 137	8.116043173301799e-08
	3.300000000000000e+00
	0.000000000000000e+00
	0.000000000000000e+00
	0.000000000000000e+00
	-4.657911787049260e-05

 138	8.199999999999999e-08
	3.300000000000000e+00
	0.000000000000000e+00
	0.000000000000000e+00
	0.000000000000000e+00
	4.481982708456379e-05

 139	8.209999999999999e-08
	3.300000000000000e+00
	0.000000000000000e+00
	3.299999999999375e-01
	3.299999999999375e-01
	2.129264717800408e-04

 140	8.229999999999999e-08
	3.300000000000000e+00
	0.000000000000000e+00
	9.899999999999434e-01
	9.899999999999434e-01
	-8.260962157603538e-03

 141	8.251291757954719e-08
	3.300000000000000e+00
	0.000000000000000e+00
	1.692628012505709e+00
	1.692628012505709e+00
	7.123526475155084e-01

 142	8.253349176503380e-08
	3.300000000000000e+00
	0.000000000000000e+00
	1.760522824611524e+00
	1.760522824611524e+00
	1.098562889588436e+00

 143	8.257464013600701e-08
	3.300000000000000e+00
	0.000000000000000e+00
	1.896312448823110e+00
	1.896312448823110e+00
	2.064127491854480e+00

 144	8.263892020635899e-08
	3.300000000000000e+00
	0.000000000000000e+00
	2.108436680984640e+00
	2.108436680984640e+00
	3.161926875959970e+00

 145	8.270811119610186e-08
	3.300000000000000e+00
	0.000000000000000e+00
	2.336766947136115e+00
	2.336766947136115e+00
	2.635327422795432e+00

 146	8.280203972573293e-08
	3.300000000000000e+00
	0.000000000000000e+00
	2.646731094918650e+00
	2.646731094918650e+00
	4.440659617991589e-01

 147	8.288569643801972e-08
	3.300000000000000e+00
	0.000000000000000e+00
	2.922798245465044e+00
	2.922798245465044e+00
	-1.433711157576037e-01

 148	8.297555662024492e-08
	3.300000000000000e+00
	0.000000000000000e+00
	3.219336846808226e+00
	3.219336846808226e+00
	6.701587218524109e-02

 149	8.300000000000000e-08
	3.300000000000000e+00
	0.000000000000000e+00
	3.299999999999986e+00
	3.299999999999986e+00
	6.555696123624555e-03

 150	8.301573213594177e-08
	3.300000000000000e+00
	0.000000000000000e+00
	3.300000000000000e+00
	3.300000000000000e+00
	3.863580009254103e-03

 151	8.304719640782532e-08
	3.300000000000000e+00
	0.000000000000000e+00
	3.300000000000000e+00
	3.300000000000000e+00
	5.264535487529143e-04

 152	8.311012495159241e-08
	3.300000000000000e+00
	0.000000000000000e+00
	3.300000000000000e+00
	3.300000000000000e+00
	-2.354742280049754e-04

 153	8.323598203912658e-08
	3.300000000000000e+00
	0.000000000000000e+00
	3.300000000000000e+00
	3.300000000000000e+00
	1.835569086797301e-04

 154	8.348769621419492e-08
	3.300000000000000e+00
	0.000000000000000e+00
	3.300000000000000e+00
	3.300000000000000e+00
	-1.466051480783631e-04

 155	8.399112456433161e-08
	3.300000000000000e+00
	0.000000000000000e+00
	3.300000000000000e+00
	3.300000000000000e+00
	1.393277816137337e-04

 156	8.499112456433161e-08
	3.300000000000000e+00
	0.000000000000000e+00
	3.300000000000000e+00
	3.300000000000000e+00
	-1.326934131872948e-04

 157	8.599112456433160e-08
	3.300000000000000e+00
	0.000000000000000e+00
	3.300000000000000e+00
	3.300000000000000e+00
	1.282790240920411e-04

 158	8.699112456433160e-08
	3.300000000000000e+00
	0.000000000000000e+00
	3.300000000000000e+00
	3.300000000000000e+00
	-1.230531045909051e-04

 159	8.799112456433160e-08
	3.300000000000000e+00
	0.000000000000000e+00
	3.300000000000000e+00
	3.300000000000000e+00
	1.188147473945456e-04

 160	8.899112456433159e-08
	3.300000000000000e+00
	0.000000000000000e+00
	3.300000000000000e+00
	3.300000000000000e+00
	-1.141387339092300e-04

 161	8.999112456433159e-08
	3.300000000000000e+00
	0.000000000000000e+00
	3.300000000000000e+00
	3.300000000000000e+00
	1.110172059369096e-04

 162	9.099112456433158e-08
	3.300000000000000e+00
	0.000000000000000e+00
	3.300000000000000e+00
	3.300000000000000e+00
	-1.059282882447665e-04

 163	9.199112456433158e-08
	3.300000000000000e+00
	0.000000000000000e+00
	3.300000000000000e+00
	3.300000000000000e+00
	1.031200939686280e-04

 164	9.299112456433157e-08
	3.300000000000000e+00
	0.000000000000000e+00
	3.300000000000000e+00
	3.300000000000000e+00
	-9.842660148024103e-05

 165	9.399112456433157e-08
	3.300000000000000e+00
	0.000000000000000e+00
	3.300000000000000e+00
	3.300000000000000e+00
	9.590900802230497e-05

 166	9.499112456433157e-08
	3.300000000000000e+00
	0.000000000000000e+00
	3.300000000000000e+00
	3.300000000000000e+00
	-9.156540410078066e-05

 167	9.599112456433156e-08
	3.300000000000000e+00
	0.000000000000000e+00
	3.300000000000000e+00
	3.300000000000000e+00
	8.931263464977308e-05

 168	9.699112456433156e-08
	3.300000000000000e+00
	0.000000000000000e+00
	3.300000000000000e+00
	3.300000000000000e+00
	-8.528156346696361e-05

 169	9.799112456433155e-08
	3.300000000000000e+00
	0.000000000000000e+00
	3.300000000000000e+00
	3.300000000000000e+00
	8.326860703882291e-05

 170	9.899112456433155e-08
	3.300000000000000e+00
	0.000000000000000e+00
	3.300000000000000e+00
	3.300000000000000e+00
	-7.917735974715887e-05

 171	9.999112456433154e-08
	3.300000000000000e+00
	0.000000000000000e+00
	3.300000000000000e+00
	3.300000000000000e+00
	7.776893419159797e-05

 172	1.009911245643315e-07
	3.300000000000000e+00
	0.000000000000000e+00
	3.300000000000000e+00
	3.300000000000000e+00
	-7.389810166587470e-05

 173	1.010000000000000e-07
	3.300000000000000e+00
	0.000000000000000e+00
	3.300000000000000e+00
	3.300000000000000e+00
	-1.998495367960818e-05

 174	1.010177508713369e-07
	3.300000000000000e+00
	0.000000000000000e+00
	3.300000000000000e+00
	3.241422124588142e+00
	-2.218143120352734e-04

 175	1.010532526140108e-07
	3.300000000000000e+00
	0.000000000000000e+00
	3.300000000000000e+00
	3.124266373764403e+00
	-2.591581080073624e-04

 176	1.011242560993585e-07
	3.300000000000000e+00
	0.000000000000000e+00
	3.300000000000000e+00
	2.889954872116927e+00
	2.740696212515104e-05

 177	1.012662630700540e-07
	3.300000000000000e+00
	0.000000000000000e+00
	3.300000000000000e+00
	2.421331868821973e+00
	-1.466993237093581e-04

 178	1.015502770114448e-07
	3.300000000000000e+00
	0.000000000000000e+00
	3.300000000000000e+00
	1.484085862232066e+00
	1.997638321734330e-04

 179	1.020000000000000e-07
	3.300000000000000e+00
	0.000000000000000e+00
	3.300000000000000e+00
	2.531308496145357e-14
	-1.777350786206777e-04

 180	1.020568027882782e-07
	3.300000000000000e+00
	0.000000000000000e+00
	3.300000000000000e+00
	0.000000000000000e+00
	1.717541553199753e-04

 181	1.021704083648345e-07
	3.300000000000000e+00
	0.000000000000000e+00
	3.300000000000000e+00
	0.000000000000000e+00
	-6.325541717741578e-06

 182	1.023976195179472e-07
	3.300000000000000e+00
	0.000000000000000e+00
	3.300000000000000e+00
	0.000000000000000e+00
	-2.670120298637474e-05

 183	1.028520418241726e-07
	3.300000000000000e+00
	0.000000000000000e+00
	3.300000000000000e+00
	0.000000000000000e+00
	3.719571586392051e-05

 184	1.037608864366235e-07
	3.300000000000000e+00
	0.000000000000000e+00
	3.300000000000000e+00
	0.000000000000000e+00
	-4.094271335980219e-05

 185	1.047608864366235e-07
	3.300000000000000e+00
	0.000000000000000e+00
	3.300000000000000e+00
	0.000000000000000e+00
	4.418200847015018e-05

 186	1.057608864366234e-07
	3.300000000000000e+00
	0.000000000000000e+00
	3.300000000000000e+00
	0.000000000000000e+00
	-4.650285078015154e-05

 187	1.067608864366234e-07
	3.300000000000000e+00
	0.000000000000000e+00
	3.300000000000000e+00
	0.000000000000000e+00
	4.882057024535418e-05

 188	1.077608864366234e-07
	3.300000000000000e+00
	0.000000000000000e+00
	3.300000000000000e+00
	0.000000000000000e+00
	-5.021084763306115e-05

 189	1.087608864366234e-07
	3.300000000000000e+00
	0.000000000000000e+00
	3.300000000000000e+00
	0.000000000000000e+00
	5.189239242000404e-05

 190	1.097608864366234e-07
	3.300000000000000e+00
	0.000000000000000e+00
	3.300000000000000e+00
	0.000000000000000e+00
	-5.260840616273105e-05

 191	1.107608864366234e-07
	3.300000000000000e+00
	0.000000000000000e+00
	3.300000000000000e+00
	0.000000000000000e+00
	5.368713273001292e-05

 192	1.117608864366234e-07
	3.300000000000000e+00
	0.000000000000000e+00
	3.300000000000000e+00
	0.000000000000000e+00
	-5.386762512406100e-05

 193	1.127608864366234e-07
	3.300000000000000e+00
	0.000000000000000e+00
	3.300000000000000e+00
	0.000000000000000e+00
	5.446511435060891e-05

 194	1.137608864366234e-07
	3.300000000000000e+00
	0.000000000000000e+00
	3.300000000000000e+00
	0.000000000000000e+00
	-5.422345798995060e-05

 195	1.147608864366234e-07
	3.300000000000000e+00
	0.000000000000000e+00
	3.300000000000000e+00
	0.000000000000000e+00
	5.444048568727274e-05

 196	1.157608864366234e-07
	3.300000000000000e+00
	0.000000000000000e+00
	3.300000000000000e+00
	0.000000000000000e+00
	-5.386987058932785e-05

 197	1.167608864366234e-07
	3.300000000000000e+00
	0.000000000000000e+00
	3.300000000000000e+00
	0.000000000000000e+00
	5.378971929015548e-05

 198	1.177608864366234e-07
	3.300000000000000e+00
	0.000000000000000e+00
	3.300000000000000e+00
	0.000000000000000e+00
	-5.296653063062429e-05

 199	1.187608864366234e-07
	3.300000000000000e+00
	0.000000000000000e+00
	3.300000000000000e+00
	0.000000000000000e+00
	5.265759745362933e-05

 200	1.190000000000000e-07
	3.300000000000000e+00
	0.000000000000000e+00
	3.300000000000000e+00
	0.000000000000000e+00
	-4.902576562247629e-05

 201	1.191000000000000e-07
	3.300000000000000e+00
	0.000000000000000e+00
	2.970000000000041e+00
	0.000000000000000e+00
	-4.402352460908254e-06

 202	1.193000000000000e-07
	3.300000000000000e+00
	0.000000000000000e+00
	2.310000000000079e+00
	0.000000000000000e+00
	4.203979881158004e-05

 203	1.195807150957205e-07
	3.300000000000000e+00
	0.000000000000000e+00
	1.383640184122539e+00
	0.000000000000000e+00
	1.400414860384461e-04

 204	1.200000000000000e-07
	3.300000000000000e+00
	0.000000000000000e+00
	0.000000000000000e+00
	0.000000000000000e+00
	-3.218509302494593e-05

 205	1.200444495234230e-07
	3.300000000000000e+00
	0.000000000000000e+00
	0.000000000000000e+00
	0.000000000000000e+00
	-7.113854885736626e-04

 206	1.201333485702689e-07
	3.300000000000000e+00
	0.000000000000000e+00
	0.000000000000000e+00
	0.000000000000000e+00
	-3.130997924356560e-04

 207	1.203111466639607e-07
	3.300000000000000e+00
	0.000000000000000e+00
	0.000000000000000e+00
	0.000000000000000e+00
	4.306793391216993e-04

 208	1.205279788209352e-07
	3.300000000000000e+00
	0.000000000000000e+00
	0.000000000000000e+00
	0.000000000000000e+00
	-2.705651251778823e-04

 209	1.207621081322342e-07
	3.300000000000000e+00
	0.000000000000000e+00
	0.000000000000000e+00
	0.000000000000000e+00
	1.999178892302805e-04

 210	1.212303667548323e-07
	3.300000000000000e+00
	0.000000000000000e+00
	0.000000000000000e+00
	0.000000000000000e+00
	-1.656704150560344e-04

 211	1.220000000000000e-07
	3.300000000000000e+00
	0.000000000000000e+00
	0.000000000000000e+00
	0.000000000000000e+00
	1.514356766034522e-04

 212	1.220936517245196e-07
	3.300000000000000e+00
	0.000000000000000e+00
	0.000000000000000e+00
	3.090506909147321e-01
	2.398162693722991e-04

 213	1.222809551735588e-07
	3.300000000000000e+00
	0.000000000000000e+00
	0.000000000000000e+00
	9.271520727441092e-01
	-6.686617958966842e-03

 214	1.223119021469954e-07
	3.300000000000000e+00
	0.000000000000000e+00
	0.000000000000000e+00
	1.029277085084797e+00
	-1.116637128810660e-02

 215	1.223737960938685e-07
	3.300000000000000e+00
	0.000000000000000e+00
	0.000000000000000e+00
	1.233527109766085e+00
	-8.049345401604430e-03

 216	1.224975839876148e-07
	3.300000000000000e+00
	0.000000000000000e+00
	0.000000000000000e+00
	1.642027159128661e+00
	4.339428740600004e-01

 217	1.226244314028004e-07
	3.300000000000000e+00
	0.000000000000000e+00
	0.000000000000000e+00
	2.060623629241139e+00
	2.549313216385856e+00

 218	1.227410932698612e-07
	3.300000000000000e+00
	0.000000000000000e+00
	0.000000000000000e+00
	2.445607790541925e+00
	3.465592769606628e+00

 219	1.228672520441685e-07
	3.300000000000000e+00
	0.000000000000000e+00
	0.000000000000000e+00
	2.861931745756131e+00
	3.204685292326684e+00

 220	1.230000000000000e-07
	3.300000000000000e+00
	0.000000000000000e+00
	0.000000000000000e+00
	3.299999999999986e+00
	3.355728056568306e+00

 221	1.230229648271529e-07
	3.300000000000000e+00
	0.000000000000000e+00
	0.000000000000000e+00
	3.300000000000000e+00
	3.322721423749383e+00

 222	1.230688944814587e-07
	3.300000000000000e+00
	0.000000000000000e+00
	0.000000000000000e+00
	3.300000000000000e+00
	3.296089761489548e+00

 223	1.231607537900702e-07
	3.300000000000000e+00
	0.000000000000000e+00
	0.000000000000000e+00
	3.300000000000000e+00
	3.301919790411330e+00

 224	1.233444724072933e-07
	3.300000000000000e+00
	0.000000000000000e+00
	0.000000000000000e+00
	3.300000000000000e+00
	3.298616313523774e+00

 225	1.237119096417394e-07
	3.300000000000000e+00
	0.000000000000000e+00
	0.000000000000000e+00
	3.300000000000000e+00
	3.301176607666506e+00

 226	1.244467841106317e-07
	3.300000000000000e+00
	0.000000000000000e+00
	0.000000000000000e+00
	3.300000000000000e+00
	3.298913841566456e+00

 227	1.254467841106317e-07
	3.300000000000000e+00
	0.000000000000000e+00
	0.000000000000000e+00
	3.300000000000000e+00
	3.301024089566228e+00

 228	1.264467841106317e-07
	3.300000000000000e+00
	0.000000000000000e+00
	0.000000000000000e+00
	3.300000000000000e+00
	3.299034007331820e+00

 229	1.274467841106317e-07
	3.300000000000000e+00
	0.000000000000000e+00
	0.000000000000000e+00
	3.300000000000000e+00
	3.300911076336555e+00

 230	1.284467841106317e-07
	3.300000000000000e+00
	0.000000000000000e+00
	0.000000000000000e+00
	3.300000000000000e+00
	3.299140322131853e+00

 231	1.294467841106317e-07
	3.300000000000000e+00
	0.000000000000000e+00
	0.000000000000000e+00
	3.300000000000000e+00
	3.300811055389131e+00

 232	1.304467841106317e-07
	3.300000000000000e+00
	0.000000000000000e+00
	0.000000000000000e+00
	3.300000000000000e+00
	3.299234447229647e+00

 233	1.314467841106317e-07
	3.300000000000000e+00
	0.000000000000000e+00
	0.000000000000000e+00
	3.300000000000000e+00
	3.300722472239801e+00

 234	1.324467841106317e-07
	3.300000000000000e+00
	0.000000000000000e+00
	0.000000000000000e+00
	3.300000000000000e+00
	3.299317837427672e+00

 235	1.334467841106317e-07
	3.300000000000000e+00
	0.000000000000000e+00
	0.000000000000000e+00
	3.300000000000000e+00
	3.300643965204213e+00

 236	1.344467841106317e-07
	3.300000000000000e+00
	0.000000000000000e+00
	0.000000000000000e+00
	3.300000000000000e+00
	3.299391767496751e+00

 237	1.354467841106317e-07
	3.300000000000000e+00
	0.000000000000000e+00
	0.000000000000000e+00
	3.300000000000000e+00
	3.300574340738550e+00

 238	1.364467841106316e-07
	3.300000000000000e+00
	0.000000000000000e+00
	0.000000000000000e+00
	3.300000000000000e+00
	3.299457355144484e+00

 239	1.374467841106316e-07
	3.300000000000000e+00
	0.000000000000000e+00
	0.000000000000000e+00
	3.300000000000000e+00
	3.300512552022055e+00

 240	1.384467841106316e-07
	3.300000000000000e+00
	0.000000000000000e+00
	0.000000000000000e+00
	3.300000000000000e+00
	3.299514031138338e+00

 241	1.394467841106316e-07
	3.300000000000000e+00
	0.000000000000000e+00
	0.000000000000000e+00
	3.300000000000000e+00
	3.300457045661867e+00

 242	1.404467841106316e-07
	3.300000000000000e+00
	0.000000000000000e+00
	0.000000000000000e+00
	3.300000000000000e+00
	3.299566026540352e+00

 243	1.410000000000000e-07
	3.300000000000000e+00
	0.000000000000000e+00
	0.000000000000000e+00
	3.300000000000000e+00
	3.300390549316930e+00

 244	1.411000000000000e-07
	3.300000000000000e+00
	0.000000000000000e+00
	0.000000000000000e+00
	2.969999999999986e+00
	3.299932299196862e+00

 245	1.413000000000000e-07
	3.300000000000000e+00
	0.000000000000000e+00
	0.000000000000000e+00
	2.310000000000024e+00
	3.301266137832199e+00

 246	1.416224701402028e-07
	3.300000000000000e+00
	0.000000000000000e+00
	0.000000000000000e+00
	1.245848537330681e+00
	3.305036560997707e+00

 247	1.419475283685284e-07
	3.300000000000000e+00
	0.000000000000000e+00
	0.000000000000000e+00
	1.731563838563250e-01
	3.466795710924278e-01

 248	1.420000000000000e-07
	3.300000000000000e+00
	0.000000000000000e+00
	0.000000000000000e+00
	2.531308496145357e-14
	-7.757232338319806e-03

 249	1.420253603873816e-07
	3.300000000000000e+00
	0.000000000000000e+00
	0.000000000000000e+00
	0.000000000000000e+00
	9.612842271368605e-03

 250	1.420760811621447e-07
	3.300000000000000e+00
	0.000000000000000e+00
	0.000000000000000e+00
	0.000000000000000e+00
	9.752640097383219e-03

 251	1.421774739153980e-07
	3.300000000000000e+00
	0.000000000000000e+00
	0.000000000000000e+00
	0.000000000000000e+00
	-3.271782091909300e-03

 252	1.423802594219048e-07
	3.300000000000000e+00
	0.000000000000000e+00
	0.000000000000000e+00
	0.000000000000000e+00
	2.500765679740231e-03

 253	1.426107923995678e-07
	3.300000000000000e+00
	0.000000000000000e+00
	0.000000000000000e+00
	0.000000000000000e+00
	-1.998696730005245e-03

 254	1.430718583548938e-07
	3.300000000000000e+00
	0.000000000000000e+00
	0.000000000000000e+00
	0.000000000000000e+00
	1.815426259898136e-03

 255	1.439939902655460e-07
	3.300000000000000e+00
	0.000000000000000e+00
	0.000000000000000e+00
	0.000000000000000e+00
	-1.728613474335203e-03

 256	1.449939902655460e-07
	3.300000000000000e+00
	0.000000000000000e+00
	0.000000000000000e+00
	0.000000000000000e+00
	1.656187463546600e-03

 257	1.459939902655460e-07
	3.300000000000000e+00
	0.000000000000000e+00
	0.000000000000000e+00
	0.000000000000000e+00
	-1.586577456893445e-03

 258	1.469939902655460e-07
	3.300000000000000e+00
	0.000000000000000e+00
	0.000000000000000e+00
	0.000000000000000e+00
	1.522059911612895e-03

 259	1.470000000000000e-07
	3.299999999999913e+00
	0.000000000000000e+00
	0.000000000000000e+00
	0.000000000000000e+00
	7.095723310082680e-04

 260	1.470120194689082e-07
	3.260335752603012e+00
	0.000000000000000e+00
	0.000000000000000e+00
	0.000000000000000e+00
	3.477262081063859e-04

 261	1.470360584067245e-07
	3.181007257809210e+00
	0.000000000000000e+00
	0.000000000000000e+00
	0.000000000000000e+00
	6.676726207160977e-06

 262	1.470841362823571e-07
	3.022350268221606e+00
	0.000000000000000e+00
	0.000000000000000e+00
	0.000000000000000e+00
	3.815281479593868e-05

 263	1.471802920336223e-07
	2.705036289046397e+00
	0.000000000000000e+00
	0.000000000000000e+00
	0.000000000000000e+00
	1.888031961161385e-06

 264	1.473726035361527e-07
	2.070408330695981e+00
	0.000000000000000e+00
	0.000000000000000e+00
	0.000000000000000e+00
	9.993940738071277e-05

 265	1.476524826051205e-07
	1.146807403102363e+00
	0.000000000000000e+00
	0.000000000000000e+00
	0.000000000000000e+00
	5.517752616848726e-04

 266	1.479299691751143e-07
	2.311017221226894e-01
	0.000000000000000e+00
	0.000000000000000e+00
	0.000000000000000e+00
	-3.190712972763014e-03

 267	1.480000000000000e-07
	0.000000000000000e+00
	0.000000000000000e+00
	0.000000000000000e+00
	0.000000000000000e+00
	1.827284649535327e-03

 268	1.480323399440475e-07
	0.000000000000000e+00
	0.000000000000000e+00
	0.000000000000000e+00
	0.000000000000000e+00
	2.660832974173272e-03

 269	1.480970198321426e-07
	0.000000000000000e+00
	0.000000000000000e+00
	0.000000000000000e+00
	0.000000000000000e+00
	1.521531601997278e-03

 270	1.482263796083327e-07
	0.000000000000000e+00
	0.000000000000000e+00
	0.000000000000000e+00
	0.000000000000000e+00
	-3.474407958622694e-04

 271	1.484850991607129e-07
	0.000000000000000e+00
	0.000000000000000e+00
	0.000000000000000e+00
	0.000000000000000e+00
	3.749621088338928e-04

 272	1.489278807595168e-07
	0.000000000000000e+00
	0.000000000000000e+00
	0.000000000000000e+00
	0.000000000000000e+00
	-3.169246445240657e-04

 273	1.498134439571246e-07
	0.000000000000000e+00
	0.000000000000000e+00
	0.000000000000000e+00
	0.000000000000000e+00
	3.020514862397544e-04

 274	1.508134439571246e-07
	0.000000000000000e+00
	0.000000000000000e+00
	0.000000000000000e+00
	0.000000000000000e+00
	-2.850766603419586e-04

 275	1.518134439571246e-07
	0.000000000000000e+00
	0.000000000000000e+00
	0.000000000000000e+00
	0.000000000000000e+00
	2.709398713399494e-04

 276	1.528134439571246e-07
	0.000000000000000e+00
	0.000000000000000e+00
	0.000000000000000e+00
	0.000000000000000e+00
	-2.563527738354086e-04

 277	1.538134439571246e-07
	0.000000000000000e+00
	0.000000000000000e+00
	0.000000000000000e+00
	0.000000000000000e+00
	2.434491417608684e-04

 278	1.548134439571246e-07
	0.000000000000000e+00
	0.000000000000000e+00
	0.000000000000000e+00
	0.000000000000000e+00
	-2.304729896447678e-04

 279	1.558134439571246e-07
	0.000000000000000e+00
	0.000000000000000e+00
	0.000000000000000e+00
	0.000000000000000e+00
	2.188571836302805e-04

 280	1.568134439571246e-07
	0.000000000000000e+00
	0.000000000000000e+00
	0.000000000000000e+00
	0.000000000000000e+00
	-2.072427027794629e-04

 281	1.578134439571246e-07
	0.000000000000000e+00
	0.000000000000000e+00
	0.000000000000000e+00
	0.000000000000000e+00
	1.968191655214255e-04

 282	1.588134439571246e-07
	0.000000000000000e+00
	0.000000000000000e+00
	0.000000000000000e+00
	0.000000000000000e+00
	-1.863980841631755e-04

 283	1.598134439571246e-07
	0.000000000000000e+00
	0.000000000000000e+00
	0.000000000000000e+00
	0.000000000000000e+00
	1.770535867057828e-04

 284	1.608134439571246e-07
	0.000000000000000e+00
	0.000000000000000e+00
	0.000000000000000e+00
	0.000000000000000e+00
	-1.676893325584551e-04

 285	1.618134439571246e-07
	0.000000000000000e+00
	0.000000000000000e+00
	0.000000000000000e+00
	0.000000000000000e+00
	1.593147042583763e-04

 286	1.620000000000000e-07
	0.000000000000000e+00
	0.000000000000000e+00
	0.000000000000000e+00
	0.000000000000000e+00
	-1.195340890103938e-04

 287	1.621000000000000e-07
	0.000000000000000e+00
	3.300000000000248e-01
	3.300000000000248e-01
	3.300000000000248e-01
	4.880573003602437e-04

 288	1.623000000000000e-07
	0.000000000000000e+00
	9.899999999999870e-01
	9.899999999999870e-01
	9.899999999999870e-01
	-2.447659748875118e-02

 289	1.625365322956437e-07
	0.000000000000000e+00
	1.770556575624269e+00
	1.770556575624269e+00
	1.770556575624269e+00
	2.436621909522111e+00

 290	1.627146173460211e-07
	0.000000000000000e+00
	2.358237241869506e+00
	2.358237241869506e+00
	2.358237241869506e+00
	3.491278622454861e+00

 291	1.629039359074304e-07
	0.000000000000000e+00
	2.982988494520282e+00
	2.982988494520282e+00
	2.982988494520282e+00
	3.123954496485430e+00

 292	1.630000000000000e-07
	0.000000000000000e+00
	3.299999999999986e+00
	3.299999999999986e+00
	3.299999999999986e+00
	3.317725848281038e+00

 293	1.630186661749676e-07
	0.000000000000000e+00
	3.300000000000000e+00
	3.300000000000000e+00
	3.300000000000000e+00
	3.311173586209983e+00

 294	1.630559985249029e-07
	0.000000000000000e+00
	3.300000000000000e+00
	3.300000000000000e+00
	3.300000000000000e+00
	3.302443918911542e+00

 295	1.631306632247734e-07
	0.000000000000000e+00
	3.300000000000000e+00
	3.300000000000000e+00
	3.300000000000000e+00
	3.299481825514130e+00

 296	1.632799926245145e-07
	0.000000000000000e+00
	3.300000000000000e+00
	3.300000000000000e+00
	3.300000000000000e+00
	3.300281042493980e+00

 297	1.635786514239967e-07
	0.000000000000000e+00
	3.300000000000000e+00
	3.300000000000000e+00
	3.300000000000000e+00
	3.299760670396921e+00

 298	1.641759690229611e-07
	0.000000000000000e+00
	3.300000000000000e+00
	3.300000000000000e+00
	3.300000000000000e+00
	3.300172179291008e+00

 299	1.651759690229611e-07
	0.000000000000000e+00
	3.300000000000000e+00
	3.300000000000000e+00
	3.300000000000000e+00
	3.299778076819066e+00

 300	1.661759690229611e-07
	0.000000000000000e+00
	3.300000000000000e+00
	3.300000000000000e+00
	3.300000000000000e+00
	3.300129336981390e+00

 301	1.671759690229611e-07
	0.000000000000000e+00
	3.300000000000000e+00
	3.300000000000000e+00
	3.300000000000000e+00
	3.299798287250680e+00

 302	1.681759690229611e-07
	0.000000000000000e+00
	3.300000000000000e+00
	3.300000000000000e+00
	3.300000000000000e+00
	3.300108560877080e+00

 303	1.691759690229611e-07
	0.000000000000000e+00
	3.300000000000000e+00
	3.300000000000000e+00
	3.300000000000000e+00
	3.299823428589371e+00

 304	1.701759690229610e-07
	0.000000000000000e+00
	3.300000000000000e+00
	3.300000000000000e+00
	3.300000000000000e+00
	3.300094316749157e+00

 305	1.711759690229610e-07
	0.000000000000000e+00
	3.300000000000000e+00
	3.300000000000000e+00
	3.300000000000000e+00
	3.299846153354074e+00

 306	1.721759690229610e-07
	0.000000000000000e+00
	3.300000000000000e+00
	3.300000000000000e+00
	3.300000000000000e+00
	3.300082518144791e+00

 307	1.731759690229610e-07
	0.000000000000000e+00
	3.300000000000000e+00
	3.300000000000000e+00
	3.300000000000000e+00
	3.299865430770981e+00

 308	1.741759690229610e-07
	0.000000000000000e+00
	3.300000000000000e+00
	3.300000000000000e+00
	3.300000000000000e+00
	3.300072278449478e+00

 309	1.751759690229610e-07
	0.000000000000000e+00
	3.300000000000000e+00
	3.300000000000000e+00
	3.300000000000000e+00
	3.299881675979853e+00

 310	1.761759690229610e-07
	0.000000000000000e+00
	3.300000000000000e+00
	3.300000000000000e+00
	3.300000000000000e+00
	3.300063325079658e+00

 311	1.771759690229610e-07
	0.000000000000000e+00
	3.300000000000000e+00
	3.300000000000000e+00
	3.300000000000000e+00
	3.299895417332254e+00

 312	1.781759690229610e-07
	0.000000000000000e+00
	3.300000000000000e+00
	3.300000000000000e+00
	3.300000000000000e+00
	3.300055501396839e+00

 313	1.791759690229610e-07
	0.000000000000000e+00
	3.300000000000000e+00
	3.300000000000000e+00
	3.300000000000000e+00
	3.299907106698792e+00

 314	1.801759690229610e-07
	0.000000000000000e+00
	3.300000000000000e+00
	3.300000000000000e+00
	3.300000000000000e+00
	3.300048675550312e+00

 315	1.810000000000000e-07
	0.000000000000000e+00
	3.300000000000000e+00
	3.300000000000000e+00
	3.300000000000000e+00
	3.299917731526739e+00

 316	1.811000000000000e-07
	0.000000000000000e+00
	3.300000000000000e+00
	3.300000000000000e+00
	2.969999999999986e+00
	3.299873984143872e+00

 317	1.813000000000000e-07
	0.000000000000000e+00
	3.300000000000000e+00
	3.300000000000000e+00
	2.310000000000024e+00
	3.301297529003757e+00

 318	1.815666463600981e-07
	0.000000000000000e+00
	3.300000000000000e+00
	3.300000000000000e+00
	1.430067011676264e+00
	3.304804691281868e+00

 319	1.818489098267733e-07
	0.000000000000000e+00
	3.300000000000000e+00
	3.300000000000000e+00
	4.985975716479700e-01
	4.076772238765750e-01

 320	1.820000000000000e-07
	0.000000000000000e+00
	3.300000000000000e+00
	3.300000000000000e+00
	2.531308496145357e-14
	-2.087843148095338e-01

 321	1.820268053899865e-07
	0.000000000000000e+00
	3.300000000000000e+00
	3.300000000000000e+00
	0.000000000000000e+00
	-8.090822100739682e-02

 322	1.820804161699595e-07
	0.000000000000000e+00
	3.300000000000000e+00
	3.300000000000000e+00
	0.000000000000000e+00
	1.477838797325115e-02

 323	1.821876377299055e-07
	0.000000000000000e+00
	3.300000000000000e+00
	3.300000000000000e+00
	0.000000000000000e+00
	-9.172109673939860e-03

 324	1.823749394624401e-07
	0.000000000000000e+00
	3.300000000000000e+00
	3.300000000000000e+00
	0.000000000000000e+00
	6.911875387581153e-03

 325	1.826196722016794e-07
	0.000000000000000e+00
	3.300000000000000e+00
	3.300000000000000e+00
	0.000000000000000e+00
	-5.548747144921540e-03

 326	1.831091376801581e-07
	0.000000000000000e+00
	3.300000000000000e+00
	3.300000000000000e+00
	0.000000000000000e+00
	4.977822877451014e-03

 327	1.840880686371154e-07
	0.000000000000000e+00
	3.300000000000000e+00
	3.300000000000000e+00
	0.000000000000000e+00
	-4.713687962788385e-03

 328	1.850880686371154e-07
	0.000000000000000e+00
	3.300000000000000e+00
	3.300000000000000e+00
	0.000000000000000e+00
	4.470538806118932e-03

 329	1.860880686371154e-07
	0.000000000000000e+00
	3.300000000000000e+00
	3.300000000000000e+00
	0.000000000000000e+00
	-4.238766814213498e-03

 330	1.870880686371154e-07
	0.000000000000000e+00
	3.300000000000000e+00
	3.300000000000000e+00
	0.000000000000000e+00
	4.020750425769271e-03

 331	1.880880686371154e-07
	0.000000000000000e+00
	3.300000000000000e+00
	3.300000000000000e+00
	0.000000000000000e+00
	-3.812954285106874e-03

 332	1.890880686371154e-07
	0.000000000000000e+00
	3.300000000000000e+00
	3.300000000000000e+00
	0.000000000000000e+00
	3.617536835502451e-03

 333	1.900880686371153e-07
	0.000000000000000e+00
	3.300000000000000e+00
	3.300000000000000e+00
	0.000000000000000e+00
	-3.431273143167391e-03

 334	1.910880686371153e-07
	0.000000000000000e+00
	3.300000000000000e+00
	3.300000000000000e+00
	0.000000000000000e+00
	3.256141585603656e-03

 335	1.920880686371153e-07
	0.000000000000000e+00
	3.300000000000000e+00
	3.300000000000000e+00
	0.000000000000000e+00
	-3.089190163196627e-03

 336	1.930880686371153e-07
	0.000000000000000e+00
	3.300000000000000e+00
	3.300000000000000e+00
	0.000000000000000e+00
	2.932245585443824e-03

 337	1.940880686371153e-07
	0.000000000000000e+00
	3.300000000000000e+00
	3.300000000000000e+00
	0.000000000000000e+00
	-2.782597006347401e-03

 338	1.950880686371153e-07
	0.000000000000000e+00
	3.300000000000000e+00
	3.300000000000000e+00
	0.000000000000000e+00
	2.641941981849485e-03

 339	1.960880686371153e-07
	0.000000000000000e+00
	3.300000000000000e+00
	3.300000000000000e+00
	0.000000000000000e+00
	-2.507783360495099e-03

 340	1.970880686371153e-07
	0.000000000000000e+00
	3.300000000000000e+00
	3.300000000000000e+00
	0.000000000000000e+00
	2.381707815739358e-03

 341	1.980880686371153e-07
	0.000000000000000e+00
	3.300000000000000e+00
	3.300000000000000e+00
	0.000000000000000e+00
	-2.261407831027648e-03

 342	1.990000000000000e-07
	0.000000000000000e+00
	3.300000000000000e+00
	3.300000000000000e+00
	0.000000000000000e+00
	2.137753440560967e-03

 343	1.991000000000000e-07
	0.000000000000000e+00
	3.300000000000000e+00
	2.969999999999997e+00
	0.000000000000000e+00
	2.464380050109238e-04

 344	1.993000000000000e-07
	0.000000000000000e+00
	3.300000000000000e+00
	2.310000000000035e+00
	0.000000000000000e+00
	-1.291512913106502e-04

 345	1.995656181508125e-07
	0.000000000000000e+00
	3.300000000000000e+00
	1.433460102318621e+00
	0.000000000000000e+00
	3.309067835059257e-04

 346	1.998424287246680e-07
	0.000000000000000e+00
	3.300000000000000e+00
	5.199852085955583e-01
	0.000000000000000e+00
	2.666014378476514e+00

 347	2.000000000000000e-07
	0.000000000000000e+00
	3.300000000000000e+00
	3.641531520770513e-14
	0.000000000000000e+00
	3.478573106909739e+00

 348	2.000259929568253e-07
	0.000000000000000e+00
	3.300000000000000e+00
	0.000000000000000e+00
	0.000000000000000e+00
	3.381022369412098e+00

 349	2.000779788704759e-07
	0.000000000000000e+00
	3.300000000000000e+00
	0.000000000000000e+00
	0.000000000000000e+00
	3.293152142741505e+00

 350	2.001819506977772e-07
	0.000000000000000e+00
	3.300000000000000e+00
	0.000000000000000e+00
	0.000000000000000e+00
	3.303456625303632e+00

 351	2.003898943523797e-07
	0.000000000000000e+00
	3.300000000000000e+00
	0.000000000000000e+00
	0.000000000000000e+00
	3.297504565956510e+00

 352	2.006464540540151e-07
	0.000000000000000e+00
	3.300000000000000e+00
	0.000000000000000e+00
	0.000000000000000e+00
	3.301909592520350e+00

 353	2.011595734572860e-07
	0.000000000000000e+00
	3.300000000000000e+00
	0.000000000000000e+00
	0.000000000000000e+00
	3.298327414972615e+00

 354	2.020000000000000e-07
	0.000000000000000e+00
	3.300000000000000e+00
	0.000000000000000e+00
	0.000000000000000e+00
	3.301541778208183e+00

 355	2.021000000000000e-07
	0.000000000000000e+00
	3.300000000000000e+00
	0.000000000000000e+00
	3.300000000000248e-01
	3.300319630785308e+00

 356	2.023000000000000e-07
	0.000000000000000e+00
	3.300000000000000e+00
	0.000000000000000e+00
	9.899999999999870e-01
	3.297312466490040e+00

 357	2.024790847149005e-07
	0.000000000000000e+00
	3.300000000000000e+00
	0.000000000000000e+00
	1.580979559171628e+00
	3.283508058973538e+00

 358	2.026888694370394e-07
	0.000000000000000e+00
	3.300000000000000e+00
	0.000000000000000e+00
	2.273269142230007e+00
	3.297865377802383e+00

 359	2.029135482800599e-07
	0.000000000000000e+00
	3.300000000000000e+00
	0.000000000000000e+00
	3.014709324197611e+00
	3.300828762524186e+00

 360	2.030000000000000e-07
	0.000000000000000e+00
	3.300000000000000e+00
	0.000000000000000e+00
	3.299999999999986e+00
	3.299229222551607e+00

 361	2.030342069778298e-07
	0.000000000000000e+00
	3.300000000000000e+00
	0.000000000000000e+00
	3.300000000000000e+00
	3.299789068642253e+00

 362	2.031026209334895e-07
	0.000000000000000e+00
	3.300000000000000e+00
	0.000000000000000e+00
	3.300000000000000e+00
	3.300078452215697e+00

 363	2.032394488448088e-07
	0.000000000000000e+00
	3.300000000000000e+00
	0.000000000000000e+00
	3.300000000000000e+00
	3.299950827599620e+00

 364	2.035131046674474e-07
	0.000000000000000e+00
	3.300000000000000e+00
	0.000000000000000e+00
	3.300000000000000e+00
	3.300037978950676e+00

 365	2.040604163127247e-07
	0.000000000000000e+00
	3.300000000000000e+00
	0.000000000000000e+00
	3.300000000000000e+00
	3.299966749300379e+00

 366	2.050604163127247e-07
	0.000000000000000e+00
	3.300000000000000e+00
	0.000000000000000e+00
	3.300000000000000e+00
	3.300030710823151e+00

 367	2.060604163127247e-07
	0.000000000000000e+00
	3.300000000000000e+00
	0.000000000000000e+00
	3.300000000000000e+00
	3.299971542526992e+00

 368	2.070604163127247e-07
	0.000000000000000e+00
	3.300000000000000e+00
	0.000000000000000e+00
	3.300000000000000e+00
	3.300026152823144e+00

 369	2.080604163127247e-07
	0.000000000000000e+00
	3.300000000000000e+00
	0.000000000000000e+00
	3.300000000000000e+00
	3.299975875874292e+00

 370	2.090604163127247e-07
	0.000000000000000e+00
	3.300000000000000e+00
	0.000000000000000e+00
	3.300000000000000e+00
	3.300022035046325e+00

 371	2.100604163127247e-07
	0.000000000000000e+00
	3.300000000000000e+00
	0.000000000000000e+00
	3.300000000000000e+00
	3.299979787703535e+00

 372	2.110604163127247e-07
	0.000000000000000e+00
	3.300000000000000e+00
	0.000000000000000e+00
	3.300000000000000e+00
	3.300018320888495e+00

 373	2.120604163127247e-07
	0.000000000000000e+00
	3.300000000000000e+00
	0.000000000000000e+00
	3.300000000000000e+00
	3.299983312981992e+00

 374	2.130604163127247e-07
	0.000000000000000e+00
	3.300000000000000e+00
	0.000000000000000e+00
	3.300000000000000e+00
	3.300014976916291e+00

 375	2.140604163127247e-07
	0.000000000000000e+00
	3.300000000000000e+00
	0.000000000000000e+00
	3.300000000000000e+00
	3.299986483705582e+00

 376	2.150604163127247e-07
	0.000000000000000e+00
	3.300000000000000e+00
	0.000000000000000e+00
	3.300000000000000e+00
	3.300011972491486e+00

 377	2.160604163127247e-07
	0.000000000000000e+00
	3.300000000000000e+00
	0.000000000000000e+00
	3.300000000000000e+00
	3.299989329232099e+00

 378	2.170604163127247e-07
	0.000000000000000e+00
	3.300000000000000e+00
	0.000000000000000e+00
	3.300000000000000e+00
	3.300009279469958e+00

 379	2.180604163127247e-07
	0.000000000000000e+00
	3.300000000000000e+00
	0.000000000000000e+00
	3.300000000000000e+00
	3.299991876557326e+00

 380	2.190604163127247e-07
	0.000000000000000e+00
	3.300000000000000e+00
	0.000000000000000e+00
	3.300000000000000e+00
	3.300006871951157e+00

 381	2.200604163127247e-07
	0.000000000000000e+00
	3.300000000000000e+00
	0.000000000000000e+00
	3.300000000000000e+00
	3.299994150543139e+00

 382	2.210000000000000e-07
	0.000000000000000e+00
	3.300000000000000e+00
	0.000000000000000e+00
	3.300000000000000e+00
	3.300004660985336e+00

 383	2.211000000000000e-07
	0.000000000000000e+00
	3.300000000000000e+00
	0.000000000000000e+00
	2.969999999999986e+00
	3.299940368490973e+00

 384	2.213000000000000e-07
	0.000000000000000e+00
	3.300000000000000e+00
	0.000000000000000e+00
	2.310000000000024e+00
	3.300716916096627e+00

 385	2.216300616174101e-07
	0.000000000000000e+00
	3.300000000000000e+00
	0.000000000000000e+00
	1.220796662546660e+00
	3.305321717169874e+00

 386	2.220000000000000e-07
	0.000000000000000e+00
	3.300000000000000e+00
	0.000000000000000e+00
	2.531308496145357e-14
	3.313232235360458e+00

 387	2.220515141490164e-07
	0.000000000000000e+00
	3.300000000000000e+00
	0.000000000000000e+00
	0.000000000000000e+00
	3.305893019164763e+00

 388	2.221545424470492e-07
	0.000000000000000e+00
	3.300000000000000e+00
	0.000000000000000e+00
	0.000000000000000e+00
	3.299023429795082e+00

 389	2.223605990431149e-07
	0.000000000000000e+00
	3.300000000000000e+00
	0.000000000000000e+00
	0.000000000000000e+00
	3.300443579295699e+00

 390	2.226756265623592e-07
	0.000000000000000e+00
	3.300000000000000e+00
	0.000000000000000e+00
	0.000000000000000e+00
	3.299759383908721e+00

 391	2.231031419383096e-07
	0.000000000000000e+00
	3.300000000000000e+00
	0.000000000000000e+00
	0.000000000000000e+00
	3.300138910688500e+00

 392	2.239581726902102e-07
	0.000000000000000e+00
	3.300000000000000e+00
	0.000000000000000e+00
	0.000000000000000e+00
	3.299900386915611e+00

 393	2.249581726902102e-07
	0.000000000000000e+00
	3.300000000000000e+00
	0.000000000000000e+00
	0.000000000000000e+00
	3.300070571255290e+00

 394	2.259581726902102e-07
	0.000000000000000e+00
	3.300000000000000e+00
	0.000000000000000e+00
	0.000000000000000e+00
	3.299954087156000e+00

 395	2.269581726902102e-07
	0.000000000000000e+00
	3.300000000000000e+00
	0.000000000000000e+00
	0.000000000000000e+00
	3.300024217425572e+00

 396	2.279581726902102e-07
	0.000000000000000e+00
	3.300000000000000e+00
	0.000000000000000e+00
	0.000000000000000e+00
	3.299993917488127e+00

 397	2.289581726902102e-07
	0.000000000000000e+00
	3.300000000000000e+00
	0.000000000000000e+00
	0.000000000000000e+00
	3.299990137212679e+00

 398	2.299581726902102e-07
	0.000000000000000e+00
	3.300000000000000e+00
	0.000000000000000e+00
	0.000000000000000e+00
	3.300022982983195e+00

 399	2.309581726902102e-07
	0.000000000000000e+00
	3.300000000000000e+00
	0.000000000000000e+00
	0.000000000000000e+00
	3.299965508491749e+00

 400	2.319581726902102e-07
	0.000000000000000e+00
	3.300000000000000e+00
	0.000000000000000e+00
	0.000000000000000e+00
	3.300043714600580e+00

 401	2.329581726902101e-07
	0.000000000000000e+00
	3.300000000000000e+00
	0.000000000000000e+00
	0.000000000000000e+00
	3.299948181636457e+00

 402	2.339581726902101e-07
	0.000000000000000e+00
	3.300000000000000e+00
	0.000000000000000e+00
	0.000000000000000e+00
	3.300058050886514e+00

 403	2.349581726902101e-07
	0.000000000000000e+00
	3.300000000000000e+00
	0.000000000000000e+00
	0.000000000000000e+00
	3.299936451753998e+00

 404	2.350000000000000e-07
	0.000000000000000e+00
	3.300000000000000e+00
	0.000000000000000e+00
	0.000000000000000e+00
	3.300069266015418e+00

 405	2.350329519827540e-07
	0.000000000000000e+00
	3.191258456911949e+00
	0.000000000000000e+00
	0.000000000000000e+00
	3.299758275886590e+00

 406	2.350988559482618e-07
	0.000000000000000e+00
	2.973775370735935e+00
	0.000000000000000e+00
	0.000000000000000e+00
	3.299866417928301e+00

 407	2.352306638792776e-07
	0.000000000000000e+00
	2.538809198383905e+00
	0.000000000000000e+00
	0.000000000000000e+00
	3.301357750524454e+00

 408	2.354942797413091e-07
	0.000000000000000e+00
	1.668876853679846e+00
	0.000000000000000e+00
	0.000000000000000e+00
	3.306154398893395e+00

 409	2.357490450042326e-07
	0.000000000000000e+00
	8.281514860324948e-01
	0.000000000000000e+00
	0.000000000000000e+00
	6.997644218687431e-01

 410	2.360000000000000e-07
	0.000000000000000e+00
	0.000000000000000e+00
	0.000000000000000e+00
	0.000000000000000e+00
	-8.658884975177387e-02

 411	2.360258545445948e-07
	0.000000000000000e+00
	0.000000000000000e+00
	0.000000000000000e+00
	0.000000000000000e+00
	-2.330628546519560e-02

 412	2.360775636337844e-07
	0.000000000000000e+00
	0.000000000000000e+00
	0.000000000000000e+00
	0.000000000000000e+00
	1.103044770070377e-02

 413	2.361809818121636e-07
	0.000000000000000e+00
	0.000000000000000e+00
	0.000000000000000e+00
	0.000000000000000e+00
	-5.311303636335321e-03

 414	2.363878181689220e-07
	0.000000000000000e+00
	0.000000000000000e+00
	0.000000000000000e+00
	0.000000000000000e+00
	4.214344814402110e-03

 415	2.367394987663368e-07
	0.000000000000000e+00
	0.000000000000000e+00
	0.000000000000000e+00
	0.000000000000000e+00
	-3.642575139164952e-03

 416	2.374428599611664e-07
	0.000000000000000e+00
	0.000000000000000e+00
	0.000000000000000e+00
	0.000000000000000e+00
	3.407711840861966e-03

 417	2.384428599611664e-07
	0.000000000000000e+00
	0.000000000000000e+00
	0.000000000000000e+00
	0.000000000000000e+00
	-3.249710147024453e-03

 418	2.394428599611664e-07
	0.000000000000000e+00
	0.000000000000000e+00
	0.000000000000000e+00
	0.000000000000000e+00
	3.103135479161400e-03

 419	2.404428599611665e-07
	0.000000000000000e+00
	0.000000000000000e+00
	0.000000000000000e+00
	0.000000000000000e+00
	-2.963371750372505e-03

 420	2.414428599611665e-07
	0.000000000000000e+00
	0.000000000000000e+00
	0.000000000000000e+00
	0.000000000000000e+00
	2.832731787215057e-03

 421	2.420000000000000e-07
	0.000000000000000e+00
	0.000000000000000e+00
	0.000000000000000e+00
	0.000000000000000e+00
	-2.614145310029535e-03

 422	2.421000000000000e-07
	0.000000000000000e+00
	0.000000000000000e+00
	3.299999999998501e-01
	3.299999999998501e-01
	1.607627253451954e-05

 423	2.423000000000000e-07
	0.000000000000000e+00
	0.000000000000000e+00
	9.899999999998997e-01
	9.899999999998997e-01
	-1.200549375073661e-02

 424	2.425133574324816e-07
	0.000000000000000e+00
	0.000000000000000e+00
	1.694079527189368e+00
	1.694079527189368e+00
	2.514456997044354e+00

 425	2.426881861064771e-07
	0.000000000000000e+00
	0.000000000000000e+00
	2.271014151374243e+00
	2.271014151374243e+00
	3.443563967430047e+00

 426	2.428705703793132e-07
	0.000000000000000e+00
	0.000000000000000e+00
	2.872882251733547e+00
	2.872882251733547e+00
	3.138740300750136e+00

 427	2.430000000000000e-07
	0.000000000000000e+00
	0.000000000000000e+00
	3.299999999999899e+00
	3.299999999999899e+00
	3.386116848847450e+00

 428	2.430196407787313e-07
	0.000000000000000e+00
	0.000000000000000e+00
	3.300000000000000e+00
	3.300000000000000e+00
	3.341179380751022e+00

 429	2.430589223361940e-07
	0.000000000000000e+00
	0.000000000000000e+00
	3.300000000000000e+00
	3.300000000000000e+00
	3.298463148300313e+00

 430	2.431374854511192e-07
	0.000000000000000e+00
	0.000000000000000e+00
	3.300000000000000e+00
	3.300000000000000e+00
	3.300796222699553e+00

 431	2.432946116809699e-07
	0.000000000000000e+00
	0.000000000000000e+00
	3.300000000000000e+00
	3.300000000000000e+00
	3.299425268456495e+00

 432	2.435629202172280e-07
	0.000000000000000e+00
	0.000000000000000e+00
	3.300000000000000e+00
	3.300000000000000e+00
	3.300475864331653e+00

 433	2.440995372897443e-07
	0.000000000000000e+00
	0.000000000000000e+00
	3.300000000000000e+00
	3.300000000000000e+00
	3.299567762938473e+00

 434	2.450995372897444e-07
	0.000000000000000e+00
	0.000000000000000e+00
	3.300000000000000e+00
	3.300000000000000e+00
	3.300410785286136e+00

 435	2.460995372897444e-07
	0.000000000000000e+00
	0.000000000000000e+00
	3.300000000000000e+00
	3.300000000000000e+00
	3.299608515443736e+00

 436	2.470995372897444e-07
	0.000000000000000e+00
	0.000000000000000e+00
	3.300000000000000e+00
	3.300000000000000e+00
	3.300370702367468e+00

 437	2.480995372897444e-07
	0.000000000000000e+00
	0.000000000000000e+00
	3.300000000000000e+00
	3.300000000000000e+00
	3.299646708507744e+00

 438	2.490995372897444e-07
	0.000000000000000e+00
	0.000000000000000e+00
	3.300000000000000e+00
	3.300000000000000e+00
	3.300334520114026e+00

 439	2.500995372897445e-07
	0.000000000000000e+00
	0.000000000000000e+00
	3.300000000000000e+00
	3.300000000000000e+00
	3.299681213869414e+00

 440	2.510995372897445e-07
	0.000000000000000e+00
	0.000000000000000e+00
	3.300000000000000e+00
	3.300000000000000e+00
	3.300301839648692e+00

 441	2.520995372897445e-07
	0.000000000000000e+00
	0.000000000000000e+00
	3.300000000000000e+00
	3.300000000000000e+00
	3.299712380524102e+00

 442	2.530995372897445e-07
	0.000000000000000e+00
	0.000000000000000e+00
	3.300000000000000e+00
	3.300000000000000e+00
	3.300272321966784e+00

 443	2.540995372897446e-07
	0.000000000000000e+00
	0.000000000000000e+00
	3.300000000000000e+00
	3.300000000000000e+00
	3.299740528587761e+00

 444	2.550995372897446e-07
	0.000000000000000e+00
	0.000000000000000e+00
	3.300000000000000e+00
	3.300000000000000e+00
	3.300245661600906e+00

 445	2.560995372897446e-07
	0.000000000000000e+00
	0.000000000000000e+00
	3.300000000000000e+00
	3.300000000000000e+00
	3.299765949536591e+00

 446	2.570995372897446e-07
	0.000000000000000e+00
	0.000000000000000e+00
	3.300000000000000e+00
	3.300000000000000e+00
	3.300221582038512e+00

 447	2.580995372897446e-07
	0.000000000000000e+00
	0.000000000000000e+00
	3.300000000000000e+00
	3.300000000000000e+00
	3.299788907753245e+00

 448	2.590995372897447e-07
	0.000000000000000e+00
	0.000000000000000e+00
	3.300000000000000e+00
	3.300000000000000e+00
	3.300199832974326e+00

 449	2.600995372897447e-07
	0.000000000000000e+00
	0.000000000000000e+00
	3.300000000000000e+00
	3.300000000000000e+00
	3.299809642606151e+00

 450	2.610000000000000e-07
	0.000000000000000e+00
	0.000000000000000e+00
	3.300000000000000e+00
	3.300000000000000e+00
	3.300179156391723e+00

 451	2.611000000000000e-07
	0.000000000000000e+00
	0.000000000000000e+00
	3.300000000000000e+00
	2.969999999999986e+00
	3.299905417651634e+00

 452	2.613000000000000e-07
	0.000000000000000e+00
	0.000000000000000e+00
	3.300000000000000e+00
	2.309999999999937e+00
	3.301300489879623e+00

 453	2.615649189333051e-07
	0.000000000000000e+00
	0.000000000000000e+00
	3.300000000000000e+00
	1.435767520093340e+00
	3.304810171894058e+00

 454	2.618446144195254e-07
	0.000000000000000e+00
	0.000000000000000e+00
	3.300000000000000e+00
	5.127724155661211e-01
	4.582277131582222e-01

 455	2.620000000000000e-07
	0.000000000000000e+00
	0.000000000000000e+00
	3.300000000000000e+00
	0.000000000000000e+00
	-2.380355834856568e-01

 456	2.620260924002491e-07
	0.000000000000000e+00
	0.000000000000000e+00
	3.300000000000000e+00
	0.000000000000000e+00
	-9.721416971098491e-02

 457	2.620782772007473e-07
	0.000000000000000e+00
	0.000000000000000e+00
	3.300000000000000e+00
	0.000000000000000e+00
	1.514055635237911e-02

 458	2.621826468017437e-07
	0.000000000000000e+00
	0.000000000000000e+00
	3.300000000000000e+00
	0.000000000000000e+00
	-8.623513503558750e-03

 459	2.623546186559429e-07
	0.000000000000000e+00
	0.000000000000000e+00
	3.300000000000000e+00
	0.000000000000000e+00
	6.299245424369250e-03

 460	2.625716531279236e-07
	0.000000000000000e+00
	0.000000000000000e+00
	3.300000000000000e+00
	0.000000000000000e+00
	-4.935834051829013e-03

 461	2.630057220718851e-07
	0.000000000000000e+00
	0.000000000000000e+00
	3.300000000000000e+00
	0.000000000000000e+00
	4.385756082170032e-03

 462	2.638738599598080e-07
	0.000000000000000e+00
	0.000000000000000e+00
	3.300000000000000e+00
	0.000000000000000e+00
	-4.134308340131277e-03

 463	2.648738599598080e-07
	0.000000000000000e+00
	0.000000000000000e+00
	3.300000000000000e+00
	0.000000000000000e+00
	3.930538906646680e-03

 464	2.658738599598080e-07
	0.000000000000000e+00
	0.000000000000000e+00
	3.300000000000000e+00
	0.000000000000000e+00
	-3.735810795895725e-03

 465	2.668738599598081e-07
	0.000000000000000e+00
	0.000000000000000e+00
	3.300000000000000e+00
	0.000000000000000e+00
	3.553170056027788e-03

 466	2.678738599598081e-07
	0.000000000000000e+00
	0.000000000000000e+00
	3.300000000000000e+00
	0.000000000000000e+00
	-3.378520321174005e-03

 467	2.688738599598081e-07
	0.000000000000000e+00
	0.000000000000000e+00
	3.300000000000000e+00
	0.000000000000000e+00
	3.214598032880862e-03

 468	2.698738599598081e-07
	0.000000000000000e+00
	0.000000000000000e+00
	3.300000000000000e+00
	0.000000000000000e+00
	-3.057742893081016e-03

 469	2.708738599598081e-07
	0.000000000000000e+00
	0.000000000000000e+00
	3.300000000000000e+00
	0.000000000000000e+00
	2.910426138515453e-03

 470	2.718738599598082e-07
	0.000000000000000e+00
	0.000000000000000e+00
	3.300000000000000e+00
	0.000000000000000e+00
	-2.769364739074003e-03

 471	2.728738599598082e-07
	0.000000000000000e+00
	0.000000000000000e+00
	3.300000000000000e+00
	0.000000000000000e+00
	2.636801083878619e-03

 472	2.738738599598082e-07
	0.000000000000000e+00
	0.000000000000000e+00
	3.300000000000000e+00
	0.000000000000000e+00
	-2.509778431259987e-03

 473	2.748738599598082e-07
	0.000000000000000e+00
	0.000000000000000e+00
	3.300000000000000e+00
	0.000000000000000e+00
	2.390341788553071e-03

 474	2.758738599598083e-07
	0.000000000000000e+00
	0.000000000000000e+00
	3.300000000000000e+00
	0.000000000000000e+00
	-2.275816579865612e-03

 475	2.768738599598083e-07
	0.000000000000000e+00
	0.000000000000000e+00
	3.300000000000000e+00
	0.000000000000000e+00
	2.168077676782867e-03

 476	2.778738599598083e-07
	0.000000000000000e+00
	0.000000000000000e+00
	3.300000000000000e+00
	0.000000000000000e+00
	-2.064694478863625e-03

 477	2.788738599598083e-07
	0.000000000000000e+00
	0.000000000000000e+00
	3.300000000000000e+00
	0.000000000000000e+00
	1.967395310045863e-03

 478	2.790000000000000e-07
	0.000000000000000e+00
	0.000000000000000e+00
	3.299999999999935e+00
	0.000000000000000e+00
	-1.332030939063297e-03

 479	2.791000000000001e-07
	0.000000000000000e+00
	0.000000000000000e+00
	2.969999999999910e+00
	0.000000000000000e+00
	-1.411438017653380e-04

 480	2.793000000000001e-07
	0.000000000000000e+00
	0.000000000000000e+00
	2.309999999999860e+00
	0.000000000000000e+00
	1.590630047183586e-04

 481	2.795805545864236e-07
	0.000000000000000e+00
	0.000000000000000e+00
	1.384169864802270e+00
	0.000000000000000e+00
	8.822160779329430e-05

 482	2.800000000000001e-07
	0.000000000000000e+00
	0.000000000000000e+00
	0.000000000000000e+00
	0.000000000000000e+00
	3.229829109104056e-04

 483	2.800442674778181e-07
	0.000000000000000e+00
	0.000000000000000e+00
	0.000000000000000e+00
	0.000000000000000e+00
	-8.360859116576941e-04

 484	2.801328024334543e-07
	0.000000000000000e+00
	0.000000000000000e+00
	0.000000000000000e+00
	0.000000000000000e+00
	-9.113069741705643e-04

 485	2.803098723447268e-07
	0.000000000000000e+00
	0.000000000000000e+00
	0.000000000000000e+00
	0.000000000000000e+00
	5.462686395353855e-04

 486	2.805257644853391e-07
	0.000000000000000e+00
	0.000000000000000e+00
	0.000000000000000e+00
	0.000000000000000e+00
	-2.808192107195337e-04

 487	2.807586803955910e-07
	0.000000000000000e+00
	0.000000000000000e+00
	0.000000000000000e+00
	0.000000000000000e+00
	1.607574200693726e-04

 488	2.812245122160948e-07
	0.000000000000000e+00
	0.000000000000000e+00
	0.000000000000000e+00
	0.000000000000000e+00
	-1.115553047029288e-04

 489	2.820000000000000e-07
	0.000000000000000e+00
	0.000000000000000e+00
	0.000000000000000e+00
	0.000000000000000e+00
	9.117688152525047e-05

 490	2.820931663641008e-07
	0.000000000000000e+00
	0.000000000000000e+00
	0.000000000000000e+00
	3.074490015325019e-01
	2.901941875563530e-04

 491	2.822794990923023e-07
	0.000000000000000e+00
	0.000000000000000e+00
	0.000000000000000e+00
	9.223470045975056e-01
	-9.312886413288972e-03

 492	2.824727981803603e-07
	0.000000000000000e+00
	0.000000000000000e+00
	0.000000000000000e+00
	1.560233995188824e+00
	1.363016423790488e+00

 493	2.826581609111058e-07
	0.000000000000000e+00
	0.000000000000000e+00
	0.000000000000000e+00
	2.171931006649155e+00
	3.243531216704616e+00

 494	2.828529702656157e-07
	0.000000000000000e+00
	0.000000000000000e+00
	0.000000000000000e+00
	2.814801876531635e+00
	3.342562006991787e+00

 495	2.830000000000000e-07
	0.000000000000000e+00
	0.000000000000000e+00
	0.000000000000000e+00
	3.300000000000000e+00
	3.266867680904786e+00

 496	2.830193736149314e-07
	0.000000000000000e+00
	0.000000000000000e+00
	0.000000000000000e+00
	3.300000000000000e+00
	3.289300703439021e+00

 497	2.830581208447940e-07
	0.000000000000000e+00
	0.000000000000000e+00
	0.000000000000000e+00
	3.300000000000000e+00
	3.303488326263124e+00

 498	2.831356153045192e-07
	0.000000000000000e+00
	0.000000000000000e+00
	0.000000000000000e+00
	3.300000000000000e+00
	3.297647151658850e+00

 499	2.832906042239697e-07
	0.000000000000000e+00
	0.000000000000000e+00
	0.000000000000000e+00
	3.300000000000000e+00
	3.301905180375782e+00

 500	2.836005820628706e-07
	0.000000000000000e+00
	0.000000000000000e+00
	0.000000000000000e+00
	3.300000000000000e+00
	3.298281937468785e+00

 501	2.842205377406725e-07
	0.000000000000000e+00
	0.000000000000000e+00
	0.000000000000000e+00
	3.300000000000000e+00
	3.301629785037700e+00

 502	2.852205377406726e-07
	0.000000000000000e+00
	0.000000000000000e+00
	0.000000000000000e+00
	3.300000000000000e+00
	3.298420899556132e+00

 503	2.862205377406726e-07
	0.000000000000000e+00
	0.000000000000000e+00
	0.000000000000000e+00
	3.300000000000000e+00
	3.301527993769937e+00

 504	2.872205377406726e-07
	0.000000000000000e+00
	0.000000000000000e+00
	0.000000000000000e+00
	3.300000000000000e+00
	3.298519405644955e+00

 505	2.882205377406726e-07
	0.000000000000000e+00
	0.000000000000000e+00
	0.000000000000000e+00
	3.300000000000000e+00
	3.301432688887575e+00

 506	2.892205377406726e-07
	0.000000000000000e+00
	0.000000000000000e+00
	0.000000000000000e+00
	3.300000000000000e+00
	3.298611629312680e+00

 507	2.902205377406727e-07
	0.000000000000000e+00
	0.000000000000000e+00
	0.000000000000000e+00
	3.300000000000000e+00
	3.301343467728046e+00

 508	2.912205377406727e-07
	0.000000000000000e+00
	0.000000000000000e+00
	0.000000000000000e+00
	3.300000000000000e+00
	3.298697962416781e+00

 509	2.922205377406727e-07
	0.000000000000000e+00
	0.000000000000000e+00
	0.000000000000000e+00
	3.300000000000000e+00
	3.301259949157424e+00

 510	2.932205377406727e-07
	0.000000000000000e+00
	0.000000000000000e+00
	0.000000000000000e+00
	3.300000000000000e+00
	3.298778775388924e+00

 511	2.942205377406728e-07
	0.000000000000000e+00
	0.000000000000000e+00
	0.000000000000000e+00
	3.300000000000000e+00
	3.301181773312389e+00

 512	2.952205377406728e-07
	0.000000000000000e+00
	0.000000000000000e+00
	0.000000000000000e+00
	3.300000000000000e+00
	3.298854417629988e+00

 513	2.962205377406728e-07
	0.000000000000000e+00
	0.000000000000000e+00
	0.000000000000000e+00
	3.300000000000000e+00
	3.301108601077262e+00

 514	2.972205377406728e-07
	0.000000000000000e+00
	0.000000000000000e+00
	0.000000000000000e+00
	3.300000000000000e+00
	3.298925218116005e+00

 515	2.982205377406728e-07
	0.000000000000000e+00
	0.000000000000000e+00
	0.000000000000000e+00
	3.300000000000000e+00
	3.301040113405620e+00

 516	2.992205377406729e-07
	0.000000000000000e+00
	0.000000000000000e+00
	0.000000000000000e+00
	3.300000000000000e+00
	3.298991486150925e+00

 517	3.002205377406729e-07
	0.000000000000000e+00
	0.000000000000000e+00
	0.000000000000000e+00
	3.300000000000000e+00
	3.300976010511045e+00

 518	3.010000000000001e-07
	0.000000000000000e+00
	0.000000000000000e+00
	0.000000000000000e+00
	3.299999999999836e+00
	3.299061940548937e+00

 519	3.011000000000001e-07
	0.000000000000000e+00
	0.000000000000000e+00
	0.000000000000000e+00
	2.969999999999811e+00
	3.299839864035382e+00

 520	3.013000000000001e-07
	0.000000000000000e+00
	0.000000000000000e+00
	0.000000000000000e+00
	2.309999999999762e+00
	3.301521407715727e+00

 521	3.016126175259546e-07
	0.000000000000000e+00
	0.000000000000000e+00
	0.000000000000000e+00
	1.278362164349851e+00
	3.306230527799523e+00

 522	3.019378131454933e-07
	0.000000000000000e+00
	0.000000000000000e+00
	0.000000000000000e+00
	2.052166198722007e-01
	3.556851110479062e-01

 523	3.020000000000001e-07
	0.000000000000000e+00
	0.000000000000000e+00
	0.000000000000000e+00
	0.000000000000000e+00
	-3.026573438137040e-02

 524	3.020301543124397e-07
	0.000000000000000e+00
	0.000000000000000e+00
	0.000000000000000e+00
	0.000000000000000e+00
	1.867460335263027e-03

 525	3.020904629373189e-07
	0.000000000000000e+00
	0.000000000000000e+00
	0.000000000000000e+00
	0.000000000000000e+00
	9.340491502979331e-03

 526	3.022015786923663e-07
	0.000000000000000e+00
	0.000000000000000e+00
	0.000000000000000e+00
	0.000000000000000e+00
	-4.938980630619080e-03

 527	3.024238102024610e-07
	0.000000000000000e+00
	0.000000000000000e+00
	0.000000000000000e+00
	0.000000000000000e+00
	3.877560981287435e-03

 528	3.027078414797537e-07
	0.000000000000000e+00
	0.000000000000000e+00
	0.000000000000000e+00
	0.000000000000000e+00
	-3.228154168703298e-03

 529	3.032759040343391e-07
	0.000000000000000e+00
	0.000000000000000e+00
	0.000000000000000e+00
	0.000000000000000e+00
	2.961020406526450e-03

 530	3.042759040343391e-07
	0.000000000000000e+00
	0.000000000000000e+00
	0.000000000000000e+00
	0.000000000000000e+00
	-2.818263624385678e-03

 531	3.052759040343391e-07
	0.000000000000000e+00
	0.000000000000000e+00
	0.000000000000000e+00
	0.000000000000000e+00
	2.685732612054873e-03

 532	3.062759040343391e-07
	0.000000000000000e+00
	0.000000000000000e+00
	0.000000000000000e+00
	0.000000000000000e+00
	-2.559153902696966e-03

 533	3.072759040343391e-07
	0.000000000000000e+00
	0.000000000000000e+00
	0.000000000000000e+00
	0.000000000000000e+00
	2.440766232796569e-03

 534	3.082759040343392e-07
	0.000000000000000e+00
	0.000000000000000e+00
	0.000000000000000e+00
	0.000000000000000e+00
	-2.327776216822139e-03

 535	3.092759040343392e-07
	0.000000000000000e+00
	0.000000000000000e+00
	0.000000000000000e+00
	0.000000000000000e+00
	2.221873281919735e-03

 536	3.102759040343392e-07
	0.000000000000000e+00
	0.000000000000000e+00
	0.000000000000000e+00
	0.000000000000000e+00
	-2.120714284727815e-03

 537	3.112759040343392e-07
	0.000000000000000e+00
	0.000000000000000e+00
	0.000000000000000e+00
	0.000000000000000e+00
	2.025792738022154e-03

 538	3.122759040343393e-07
	0.000000000000000e+00
	0.000000000000000e+00
	0.000000000000000e+00
	0.000000000000000e+00
	-1.935024256115242e-03

 539	3.132759040343393e-07
	0.000000000000000e+00
	0.000000000000000e+00
	0.000000000000000e+00
	0.000000000000000e+00
	1.849792483201886e-03

 540	3.142759040343393e-07
	0.000000000000000e+00
	0.000000000000000e+00
	0.000000000000000e+00
	0.000000000000000e+00
	-1.768198435812092e-03

 541	3.152759040343393e-07
	0.000000000000000e+00
	0.000000000000000e+00
	0.000000000000000e+00
	0.000000000000000e+00
	1.691548158259606e-03

 542	3.162759040343393e-07
	0.000000000000000e+00
	0.000000000000000e+00
	0.000000000000000e+00
	0.000000000000000e+00
	-1.618088300596655e-03

 543	3.172759040343394e-07
	0.000000000000000e+00
	0.000000000000000e+00
	0.000000000000000e+00
	0.000000000000000e+00
	1.549058618319785e-03

 544	3.182759040343394e-07
	0.000000000000000e+00
	0.000000000000000e+00
	0.000000000000000e+00
	0.000000000000000e+00
	-1.482850848477978e-03

 545	3.192759040343394e-07
	0.000000000000000e+00
	0.000000000000000e+00
	0.000000000000000e+00
	0.000000000000000e+00
	1.420604405325904e-03

 546	3.200000000000000e-07
	0.000000000000000e+00
	0.000000000000000e+00
	0.000000000000000e+00
	0.000000000000000e+00
	-1.338928896670992e-03

