Title: * spice3 file created from seg_a.ext - technology: tsmc
Date: Wed Apr 26 17:05:10  2017
Plotname: Transient Analysis
Flags: real
No. Variables: 6
No. Points: 531
Variables:
	0	time	time
	1	a	voltage
	2	b	voltage
	3	c	voltage
	4	d	voltage
	5	y	voltage
Values:
 0	0.000000000000000e+00
	0.000000000000000e+00
	0.000000000000000e+00
	0.000000000000000e+00
	0.000000000000000e+00
	1.358473082610146e-07

 1	1.000000000000000e-11
	0.000000000000000e+00
	0.000000000000000e+00
	0.000000000000000e+00
	0.000000000000000e+00
	1.358474064905302e-07

 2	2.000000000000000e-11
	0.000000000000000e+00
	0.000000000000000e+00
	0.000000000000000e+00
	0.000000000000000e+00
	1.358474390200648e-07

 3	4.000000000000000e-11
	0.000000000000000e+00
	0.000000000000000e+00
	0.000000000000000e+00
	0.000000000000000e+00
	1.358474082668870e-07

 4	8.000000000000001e-11
	0.000000000000000e+00
	0.000000000000000e+00
	0.000000000000000e+00
	0.000000000000000e+00
	1.358470474444040e-07

 5	1.600000000000000e-10
	0.000000000000000e+00
	0.000000000000000e+00
	0.000000000000000e+00
	0.000000000000000e+00
	1.358472307977365e-07

 6	3.200000000000000e-10
	0.000000000000000e+00
	0.000000000000000e+00
	0.000000000000000e+00
	0.000000000000000e+00
	1.358475637813772e-07

 7	6.400000000000001e-10
	0.000000000000000e+00
	0.000000000000000e+00
	0.000000000000000e+00
	0.000000000000000e+00
	1.358470880091778e-07

 8	1.280000000000000e-09
	0.000000000000000e+00
	0.000000000000000e+00
	0.000000000000000e+00
	0.000000000000000e+00
	1.358474707863211e-07

 9	2.000000000000000e-09
	0.000000000000000e+00
	0.000000000000000e+00
	0.000000000000000e+00
	0.000000000000000e+00
	1.358471448317800e-07

 10	2.100000000000000e-09
	3.300000000000002e-01
	3.300000000000002e-01
	3.300000000000002e-01
	3.300000000000002e-01
	8.610535565313493e-04

 11	2.300000000000000e-09
	9.900000000000007e-01
	9.900000000000007e-01
	9.900000000000007e-01
	9.900000000000007e-01
	-1.526197271945301e-02

 12	2.507659932051782e-09
	1.675277775770879e+00
	1.675277775770879e+00
	1.675277775770879e+00
	1.675277775770879e+00
	7.208453075708619e-02

 13	2.720935714000346e-09
	2.379087856201140e+00
	2.379087856201140e+00
	2.379087856201140e+00
	2.379087856201140e+00
	1.280799376925067e-01

 14	2.931990240023118e-09
	3.075567792076289e+00
	3.075567792076289e+00
	3.075567792076289e+00
	3.075567792076289e+00
	-4.165474364687244e-02

 15	3.000000000000000e-09
	3.300000000000000e+00
	3.300000000000000e+00
	3.300000000000000e+00
	3.300000000000000e+00
	-3.082395477760080e-02

 16	3.021494476112747e-09
	3.300000000000000e+00
	3.300000000000000e+00
	3.300000000000000e+00
	3.300000000000000e+00
	-1.672024816537088e-02

 17	3.064483428338241e-09
	3.300000000000000e+00
	3.300000000000000e+00
	3.300000000000000e+00
	3.300000000000000e+00
	-1.676382060536608e-03

 18	3.150461332789228e-09
	3.300000000000000e+00
	3.300000000000000e+00
	3.300000000000000e+00
	3.300000000000000e+00
	-6.457409381460111e-04

 19	3.322417141691203e-09
	3.300000000000000e+00
	3.300000000000000e+00
	3.300000000000000e+00
	3.300000000000000e+00
	3.747479922921182e-04

 20	3.650124441323644e-09
	3.300000000000000e+00
	3.300000000000000e+00
	3.300000000000000e+00
	3.300000000000000e+00
	-2.785062761096885e-04

 21	4.305539040588526e-09
	3.300000000000000e+00
	3.300000000000000e+00
	3.300000000000000e+00
	3.300000000000000e+00
	2.390119215747305e-04

 22	5.305539040588526e-09
	3.300000000000000e+00
	3.300000000000000e+00
	3.300000000000000e+00
	3.300000000000000e+00
	-2.151112637881203e-04

 23	6.305539040588526e-09
	3.300000000000000e+00
	3.300000000000000e+00
	3.300000000000000e+00
	3.300000000000000e+00
	1.935233392376529e-04

 24	7.305539040588526e-09
	3.300000000000000e+00
	3.300000000000000e+00
	3.300000000000000e+00
	3.300000000000000e+00
	-1.729782553071546e-04

 25	8.305539040588525e-09
	3.300000000000000e+00
	3.300000000000000e+00
	3.300000000000000e+00
	3.300000000000000e+00
	1.544815940303160e-04

 26	9.305539040588526e-09
	3.300000000000000e+00
	3.300000000000000e+00
	3.300000000000000e+00
	3.300000000000000e+00
	-1.367936064742004e-04

 27	1.030553904058853e-08
	3.300000000000000e+00
	3.300000000000000e+00
	3.300000000000000e+00
	3.300000000000000e+00
	1.209351131936098e-04

 28	1.130553904058853e-08
	3.300000000000000e+00
	3.300000000000000e+00
	3.300000000000000e+00
	3.300000000000000e+00
	-1.056900219361112e-04

 29	1.230553904058853e-08
	3.300000000000000e+00
	3.300000000000000e+00
	3.300000000000000e+00
	3.300000000000000e+00
	9.209165511637335e-05

 30	1.330553904058853e-08
	3.300000000000000e+00
	3.300000000000000e+00
	3.300000000000000e+00
	3.300000000000000e+00
	-7.894265375218978e-05

 31	1.430553904058853e-08
	3.300000000000000e+00
	3.300000000000000e+00
	3.300000000000000e+00
	3.300000000000000e+00
	6.728673793533063e-05

 32	1.530553904058853e-08
	3.300000000000000e+00
	3.300000000000000e+00
	3.300000000000000e+00
	3.300000000000000e+00
	-5.594151724648555e-05

 33	1.630553904058853e-08
	3.300000000000000e+00
	3.300000000000000e+00
	3.300000000000000e+00
	3.300000000000000e+00
	4.595945496276704e-05

 34	1.730553904058853e-08
	3.300000000000000e+00
	3.300000000000000e+00
	3.300000000000000e+00
	3.300000000000000e+00
	-3.617022812534010e-05

 35	1.830553904058853e-08
	3.300000000000000e+00
	3.300000000000000e+00
	3.300000000000000e+00
	3.300000000000000e+00
	2.763371510939444e-05

 36	1.930553904058852e-08
	3.300000000000000e+00
	3.300000000000000e+00
	3.300000000000000e+00
	3.300000000000000e+00
	-1.918940682727605e-05

 37	2.030553904058852e-08
	3.300000000000000e+00
	3.300000000000000e+00
	3.300000000000000e+00
	3.300000000000000e+00
	1.190351076237051e-05

 38	2.100000000000000e-08
	3.300000000000000e+00
	3.300000000000000e+00
	3.300000000000000e+00
	3.300000000000000e+00
	-1.703640027314601e-06

 39	2.110000000000000e-08
	3.300000000000000e+00
	3.300000000000000e+00
	3.300000000000000e+00
	2.969999999999997e+00
	-3.161559213218645e-04

 40	2.130000000000000e-08
	3.300000000000000e+00
	3.300000000000000e+00
	3.300000000000000e+00
	2.310000000000002e+00
	-1.602253956095590e-04

 41	2.170000000000000e-08
	3.300000000000000e+00
	3.300000000000000e+00
	3.300000000000000e+00
	9.900000000000015e-01
	2.986765216616838e-04

 42	2.200000000000000e-08
	3.300000000000000e+00
	3.300000000000000e+00
	3.300000000000000e+00
	0.000000000000000e+00
	-2.770436433623819e-04

 43	2.207284227466613e-08
	3.300000000000000e+00
	3.300000000000000e+00
	3.300000000000000e+00
	0.000000000000000e+00
	3.719829903877092e-04

 44	2.221852682399838e-08
	3.300000000000000e+00
	3.300000000000000e+00
	3.300000000000000e+00
	0.000000000000000e+00
	-1.078046985858450e-05

 45	2.250989592266288e-08
	3.300000000000000e+00
	3.300000000000000e+00
	3.300000000000000e+00
	0.000000000000000e+00
	-5.468645189204979e-05

 46	2.309263411999189e-08
	3.300000000000000e+00
	3.300000000000000e+00
	3.300000000000000e+00
	0.000000000000000e+00
	7.421921533513204e-05

 47	2.409263411999189e-08
	3.300000000000000e+00
	3.300000000000000e+00
	3.300000000000000e+00
	0.000000000000000e+00
	-8.226714145244396e-05

 48	2.509263411999189e-08
	3.300000000000000e+00
	3.300000000000000e+00
	3.300000000000000e+00
	0.000000000000000e+00
	8.908533491677056e-05

 49	2.609263411999188e-08
	3.300000000000000e+00
	3.300000000000000e+00
	3.300000000000000e+00
	0.000000000000000e+00
	-9.384921114679451e-05

 50	2.709263411999188e-08
	3.300000000000000e+00
	3.300000000000000e+00
	3.300000000000000e+00
	0.000000000000000e+00
	9.784806823734393e-05

 51	2.809263411999188e-08
	3.300000000000000e+00
	3.300000000000000e+00
	3.300000000000000e+00
	0.000000000000000e+00
	-1.001859763117147e-04

 52	2.909263411999188e-08
	3.300000000000000e+00
	3.300000000000000e+00
	3.300000000000000e+00
	0.000000000000000e+00
	1.021137958718346e-04

 53	3.009263411999188e-08
	3.300000000000000e+00
	3.300000000000000e+00
	3.300000000000000e+00
	0.000000000000000e+00
	-1.026816091579813e-04

 54	3.109263411999189e-08
	3.300000000000000e+00
	3.300000000000000e+00
	3.300000000000000e+00
	0.000000000000000e+00
	1.031095023196898e-04

 55	3.209263411999189e-08
	3.300000000000000e+00
	3.300000000000000e+00
	3.300000000000000e+00
	0.000000000000000e+00
	-1.024068268148381e-04

 56	3.309263411999189e-08
	3.300000000000000e+00
	3.300000000000000e+00
	3.300000000000000e+00
	0.000000000000000e+00
	1.017690299299281e-04

 57	3.409263411999189e-08
	3.300000000000000e+00
	3.300000000000000e+00
	3.300000000000000e+00
	0.000000000000000e+00
	-1.001748615538783e-04

 58	3.509263411999190e-08
	3.300000000000000e+00
	3.300000000000000e+00
	3.300000000000000e+00
	0.000000000000000e+00
	9.880002700230622e-05

 59	3.609263411999190e-08
	3.300000000000000e+00
	3.300000000000000e+00
	3.300000000000000e+00
	0.000000000000000e+00
	-9.660041139812614e-05

 60	3.709263411999190e-08
	3.300000000000000e+00
	3.300000000000000e+00
	3.300000000000000e+00
	0.000000000000000e+00
	9.473587896660640e-05

 61	3.809263411999190e-08
	3.300000000000000e+00
	3.300000000000000e+00
	3.300000000000000e+00
	0.000000000000000e+00
	-9.214535419025532e-05

 62	3.900000000000001e-08
	3.300000000000000e+00
	3.300000000000000e+00
	3.300000000000000e+00
	0.000000000000000e+00
	8.972149712276056e-05

 63	3.910000000000001e-08
	3.300000000000000e+00
	3.300000000000000e+00
	2.969999999999997e+00
	0.000000000000000e+00
	-1.128496391885059e-04

 64	3.930000000000001e-08
	3.300000000000000e+00
	3.300000000000000e+00
	2.309999999999992e+00
	0.000000000000000e+00
	-9.469378550611141e-05

 65	3.958014991553185e-08
	3.300000000000000e+00
	3.300000000000000e+00
	1.385505278744927e+00
	0.000000000000000e+00
	-6.257827380744263e-04

 66	3.992408716224249e-08
	3.300000000000000e+00
	3.300000000000000e+00
	2.505123645998024e-01
	0.000000000000000e+00
	-6.810796652614276e-03

 67	4.000000000000001e-08
	3.300000000000000e+00
	3.300000000000000e+00
	0.000000000000000e+00
	0.000000000000000e+00
	4.828246659348029e-03

 68	4.003309415036610e-08
	3.300000000000000e+00
	3.300000000000000e+00
	0.000000000000000e+00
	0.000000000000000e+00
	9.115850908873513e-03

 69	4.009928245109830e-08
	3.300000000000000e+00
	3.300000000000000e+00
	0.000000000000000e+00
	0.000000000000000e+00
	8.465892210853587e-03

 70	4.023165905256269e-08
	3.300000000000000e+00
	3.300000000000000e+00
	0.000000000000000e+00
	0.000000000000000e+00
	-1.392523776566068e-04

 71	4.049641225549147e-08
	3.300000000000000e+00
	3.300000000000000e+00
	0.000000000000000e+00
	0.000000000000000e+00
	3.304571927994354e-04

 72	4.091867702012938e-08
	3.300000000000000e+00
	3.300000000000000e+00
	0.000000000000000e+00
	0.000000000000000e+00
	-1.949780674104090e-04

 73	4.170183863537893e-08
	3.300000000000000e+00
	3.300000000000000e+00
	0.000000000000000e+00
	0.000000000000000e+00
	1.800169924300113e-04

 74	4.200000000000000e-08
	3.300000000000000e+00
	3.300000000000000e+00
	0.000000000000000e+00
	0.000000000000000e+00
	-1.216536477035013e-04

 75	4.210000000000000e-08
	3.300000000000000e+00
	3.300000000000000e+00
	0.000000000000000e+00
	3.300000000000030e-01
	3.957729758565787e-04

 76	4.230000000000000e-08
	3.300000000000000e+00
	3.300000000000000e+00
	0.000000000000000e+00
	9.900000000000089e-01
	-1.611457136185729e-02

 77	4.250659893696585e-08
	3.300000000000000e+00
	3.300000000000000e+00
	0.000000000000000e+00
	1.671776491987294e+00
	1.053376588682924e+00

 78	4.267582081068579e-08
	3.300000000000000e+00
	3.300000000000000e+00
	0.000000000000000e+00
	2.230208675263113e+00
	3.082166000609253e+00

 79	4.285501655848175e-08
	3.300000000000000e+00
	3.300000000000000e+00
	0.000000000000000e+00
	2.821554642989783e+00
	3.430976846410020e+00

 80	4.300000000000000e-08
	3.300000000000000e+00
	3.300000000000000e+00
	0.000000000000000e+00
	3.300000000000000e+00
	3.223894643621414e+00

 81	4.301931944008499e-08
	3.300000000000000e+00
	3.300000000000000e+00
	0.000000000000000e+00
	3.300000000000000e+00
	3.261536621148342e+00

 82	4.305795832025497e-08
	3.300000000000000e+00
	3.300000000000000e+00
	0.000000000000000e+00
	3.300000000000000e+00
	3.299090086837584e+00

 83	4.313523608059492e-08
	3.300000000000000e+00
	3.300000000000000e+00
	0.000000000000000e+00
	3.300000000000000e+00
	3.300253342086594e+00

 84	4.328979160127482e-08
	3.300000000000000e+00
	3.300000000000000e+00
	0.000000000000000e+00
	3.300000000000000e+00
	3.299858599295247e+00

 85	4.359890264263461e-08
	3.300000000000000e+00
	3.300000000000000e+00
	0.000000000000000e+00
	3.300000000000000e+00
	3.300098662965715e+00

 86	4.421712472535421e-08
	3.300000000000000e+00
	3.300000000000000e+00
	0.000000000000000e+00
	3.300000000000000e+00
	3.299918555562963e+00

 87	4.521712472535422e-08
	3.300000000000000e+00
	3.300000000000000e+00
	0.000000000000000e+00
	3.300000000000000e+00
	3.300071333890431e+00

 88	4.621712472535422e-08
	3.300000000000000e+00
	3.300000000000000e+00
	0.000000000000000e+00
	3.300000000000000e+00
	3.299937461202053e+00

 89	4.721712472535422e-08
	3.300000000000000e+00
	3.300000000000000e+00
	0.000000000000000e+00
	3.300000000000000e+00
	3.300053787330971e+00

 90	4.821712472535422e-08
	3.300000000000000e+00
	3.300000000000000e+00
	0.000000000000000e+00
	3.300000000000000e+00
	3.299953732497870e+00

 91	4.921712472535423e-08
	3.300000000000000e+00
	3.300000000000000e+00
	0.000000000000000e+00
	3.300000000000000e+00
	3.300038692273624e+00

 92	5.021712472535423e-08
	3.300000000000000e+00
	3.300000000000000e+00
	0.000000000000000e+00
	3.300000000000000e+00
	3.299967732759831e+00

 93	5.121712472535423e-08
	3.300000000000000e+00
	3.300000000000000e+00
	0.000000000000000e+00
	3.300000000000000e+00
	3.300025706010784e+00

 94	5.221712472535423e-08
	3.300000000000000e+00
	3.300000000000000e+00
	0.000000000000000e+00
	3.300000000000000e+00
	3.299979777586035e+00

 95	5.321712472535423e-08
	3.300000000000000e+00
	3.300000000000000e+00
	0.000000000000000e+00
	3.300000000000000e+00
	3.300014534662509e+00

 96	5.421712472535424e-08
	3.300000000000000e+00
	3.300000000000000e+00
	0.000000000000000e+00
	3.300000000000000e+00
	3.299990138705873e+00

 97	5.521712472535424e-08
	3.300000000000000e+00
	3.300000000000000e+00
	0.000000000000000e+00
	3.300000000000000e+00
	3.300004926061778e+00

 98	5.621712472535424e-08
	3.300000000000000e+00
	3.300000000000000e+00
	0.000000000000000e+00
	3.300000000000000e+00
	3.299999049455105e+00

 99	5.721712472535424e-08
	3.300000000000000e+00
	3.300000000000000e+00
	0.000000000000000e+00
	3.300000000000000e+00
	3.299996671250811e+00

 100	5.821712472535425e-08
	3.300000000000000e+00
	3.300000000000000e+00
	0.000000000000000e+00
	3.300000000000000e+00
	3.300006710387812e+00

 101	5.921712472535425e-08
	3.300000000000000e+00
	3.300000000000000e+00
	0.000000000000000e+00
	3.300000000000000e+00
	3.299989570563138e+00

 102	6.021712472535424e-08
	3.300000000000000e+00
	3.300000000000000e+00
	0.000000000000000e+00
	3.300000000000000e+00
	3.300013290831718e+00

 103	6.100000000000000e-08
	3.300000000000000e+00
	3.300000000000000e+00
	0.000000000000000e+00
	3.299999999999989e+00
	3.299982698978703e+00

 104	6.110000000000000e-08
	3.300000000000000e+00
	3.300000000000000e+00
	0.000000000000000e+00
	2.970000000000008e+00
	3.299813200655021e+00

 105	6.130000000000000e-08
	3.300000000000000e+00
	3.300000000000000e+00
	0.000000000000000e+00
	2.310000000000002e+00
	3.302576161586111e+00

 106	6.170000000000000e-08
	3.300000000000000e+00
	3.300000000000000e+00
	0.000000000000000e+00
	9.900000000000122e-01
	3.029186944446414e+00

 107	6.200000000000000e-08
	3.300000000000000e+00
	3.300000000000000e+00
	0.000000000000000e+00
	2.531308496145357e-14
	3.088741579264532e-01

 108	6.205468337319510e-08
	3.300000000000000e+00
	3.300000000000000e+00
	0.000000000000000e+00
	0.000000000000000e+00
	1.252228664475915e-01

 109	6.216405011958531e-08
	3.300000000000000e+00
	3.300000000000000e+00
	0.000000000000000e+00
	0.000000000000000e+00
	-1.133817927074185e-02

 110	6.238097391466314e-08
	3.300000000000000e+00
	3.300000000000000e+00
	0.000000000000000e+00
	0.000000000000000e+00
	9.327775918822848e-03

 111	6.259511912623059e-08
	3.300000000000000e+00
	3.300000000000000e+00
	0.000000000000000e+00
	0.000000000000000e+00
	-6.859521652048534e-03

 112	6.284276564350976e-08
	3.300000000000000e+00
	3.300000000000000e+00
	0.000000000000000e+00
	0.000000000000000e+00
	5.285379651945976e-03

 113	6.333805867806809e-08
	3.300000000000000e+00
	3.300000000000000e+00
	0.000000000000000e+00
	0.000000000000000e+00
	-4.608290865493386e-03

 114	6.432864474718476e-08
	3.300000000000000e+00
	3.300000000000000e+00
	0.000000000000000e+00
	0.000000000000000e+00
	4.320742875492514e-03

 115	6.532864474718475e-08
	3.300000000000000e+00
	3.300000000000000e+00
	0.000000000000000e+00
	0.000000000000000e+00
	-4.047495572092379e-03

 116	6.632864474718475e-08
	3.300000000000000e+00
	3.300000000000000e+00
	0.000000000000000e+00
	0.000000000000000e+00
	3.798972485372257e-03

 117	6.732864474718474e-08
	3.300000000000000e+00
	3.300000000000000e+00
	0.000000000000000e+00
	0.000000000000000e+00
	-3.565216248143696e-03

 118	6.832864474718474e-08
	3.300000000000000e+00
	3.300000000000000e+00
	0.000000000000000e+00
	0.000000000000000e+00
	3.351508731778745e-03

 119	6.932864474718473e-08
	3.300000000000000e+00
	3.300000000000000e+00
	0.000000000000000e+00
	0.000000000000000e+00
	-3.151182518704332e-03

 120	7.032864474718473e-08
	3.300000000000000e+00
	3.300000000000000e+00
	0.000000000000000e+00
	0.000000000000000e+00
	2.967832239199442e-03

 121	7.132864474718473e-08
	3.300000000000000e+00
	3.300000000000000e+00
	0.000000000000000e+00
	0.000000000000000e+00
	-2.796102736986550e-03

 122	7.232864474718472e-08
	3.300000000000000e+00
	3.300000000000000e+00
	0.000000000000000e+00
	0.000000000000000e+00
	2.638857080477414e-03

 123	7.332864474718472e-08
	3.300000000000000e+00
	3.300000000000000e+00
	0.000000000000000e+00
	0.000000000000000e+00
	-2.491542996825372e-03

 124	7.432864474718471e-08
	3.300000000000000e+00
	3.300000000000000e+00
	0.000000000000000e+00
	0.000000000000000e+00
	2.356595499700482e-03

 125	7.500000000000001e-08
	3.300000000000000e+00
	3.300000000000000e+00
	0.000000000000000e+00
	0.000000000000000e+00
	-2.171618374496469e-03

 126	7.510000000000000e-08
	3.300000000000000e+00
	2.970000000000019e+00
	0.000000000000000e+00
	0.000000000000000e+00
	-3.910348385579299e-04

 127	7.530000000000001e-08
	3.300000000000000e+00
	2.310000000000013e+00
	0.000000000000000e+00
	0.000000000000000e+00
	7.304508893571371e-05

 128	7.558194884645693e-08
	3.300000000000000e+00
	1.379568806692164e+00
	0.000000000000000e+00
	0.000000000000000e+00
	-1.100974145333555e-05

 129	7.595495805491693e-08
	3.300000000000000e+00
	1.486384187741576e-01
	0.000000000000000e+00
	0.000000000000000e+00
	-1.691224039604422e-04

 130	7.600000000000001e-08
	3.300000000000000e+00
	0.000000000000000e+00
	0.000000000000000e+00
	0.000000000000000e+00
	-5.413911704678642e-04

 131	7.602137367029956e-08
	3.300000000000000e+00
	0.000000000000000e+00
	0.000000000000000e+00
	0.000000000000000e+00
	5.721918878015542e-05

 132	7.606412101089864e-08
	3.300000000000000e+00
	0.000000000000000e+00
	0.000000000000000e+00
	0.000000000000000e+00
	5.557838477203147e-04

 133	7.614961569209683e-08
	3.300000000000000e+00
	0.000000000000000e+00
	0.000000000000000e+00
	0.000000000000000e+00
	3.083570834102045e-04

 134	7.632060505449319e-08
	3.300000000000000e+00
	0.000000000000000e+00
	0.000000000000000e+00
	0.000000000000000e+00
	1.600435317930526e-05

 135	7.653367356316982e-08
	3.300000000000000e+00
	0.000000000000000e+00
	0.000000000000000e+00
	0.000000000000000e+00
	-1.475083313356995e-06

 136	7.689180309007078e-08
	3.300000000000000e+00
	0.000000000000000e+00
	0.000000000000000e+00
	0.000000000000000e+00
	1.724945244412079e-05

 137	7.760806214387272e-08
	3.300000000000000e+00
	0.000000000000000e+00
	0.000000000000000e+00
	0.000000000000000e+00
	-1.495123890229988e-05

 138	7.860806214387271e-08
	3.300000000000000e+00
	0.000000000000000e+00
	0.000000000000000e+00
	0.000000000000000e+00
	1.708717102688606e-05

 139	7.960806214387271e-08
	3.300000000000000e+00
	0.000000000000000e+00
	0.000000000000000e+00
	0.000000000000000e+00
	-1.673002747191316e-05

 140	8.060806214387270e-08
	3.300000000000000e+00
	0.000000000000000e+00
	0.000000000000000e+00
	0.000000000000000e+00
	1.755072709153094e-05

 141	8.160806214387270e-08
	3.300000000000000e+00
	0.000000000000000e+00
	0.000000000000000e+00
	0.000000000000000e+00
	-1.716863173270577e-05

 142	8.199999999999999e-08
	3.300000000000000e+00
	0.000000000000000e+00
	0.000000000000000e+00
	0.000000000000000e+00
	1.727482864241625e-05

 143	8.209999999999999e-08
	3.300000000000000e+00
	0.000000000000000e+00
	3.299999999999375e-01
	3.299999999999375e-01
	4.836276937408845e-04

 144	8.229999999999999e-08
	3.300000000000000e+00
	0.000000000000000e+00
	9.899999999999434e-01
	9.899999999999434e-01
	-3.501579021382428e-04

 145	8.244723885053516e-08
	3.300000000000000e+00
	0.000000000000000e+00
	1.475888206766020e+00
	1.475888206766020e+00
	-2.282136291628933e-04

 146	8.261036021474517e-08
	3.300000000000000e+00
	0.000000000000000e+00
	2.014188708659045e+00
	2.014188708659045e+00
	-1.013608723160225e-03

 147	8.277778047356816e-08
	3.300000000000000e+00
	0.000000000000000e+00
	2.566675562774922e+00
	2.566675562774922e+00
	1.957748439702256e-03

 148	8.298061678111022e-08
	3.300000000000000e+00
	0.000000000000000e+00
	3.236035377663693e+00
	3.236035377663693e+00
	-6.029745919355067e-04

 149	8.300000000000000e-08
	3.300000000000000e+00
	0.000000000000000e+00
	3.299999999999986e+00
	3.299999999999986e+00
	-1.058771527781222e-03

 150	8.302102034196239e-08
	3.300000000000000e+00
	0.000000000000000e+00
	3.300000000000000e+00
	3.300000000000000e+00
	-1.464454334627552e-03

 151	8.306306102588717e-08
	3.300000000000000e+00
	0.000000000000000e+00
	3.300000000000000e+00
	3.300000000000000e+00
	-1.068403585093192e-03

 152	8.313748408708331e-08
	3.300000000000000e+00
	0.000000000000000e+00
	3.300000000000000e+00
	3.300000000000000e+00
	1.243917419215257e-04

 153	8.328633020947556e-08
	3.300000000000000e+00
	0.000000000000000e+00
	3.300000000000000e+00
	3.300000000000000e+00
	-8.599745009393867e-05

 154	8.358402245426009e-08
	3.300000000000000e+00
	0.000000000000000e+00
	3.300000000000000e+00
	3.300000000000000e+00
	7.120672005489492e-05

 155	8.417940694382914e-08
	3.300000000000000e+00
	0.000000000000000e+00
	3.300000000000000e+00
	3.300000000000000e+00
	-6.417786066911096e-05

 156	8.517940694382913e-08
	3.300000000000000e+00
	0.000000000000000e+00
	3.300000000000000e+00
	3.300000000000000e+00
	6.077244803123077e-05

 157	8.617940694382913e-08
	3.300000000000000e+00
	0.000000000000000e+00
	3.300000000000000e+00
	3.300000000000000e+00
	-5.694346303822956e-05

 158	8.717940694382913e-08
	3.300000000000000e+00
	0.000000000000000e+00
	3.300000000000000e+00
	3.300000000000000e+00
	5.390231418937741e-05

 159	8.817940694382912e-08
	3.300000000000000e+00
	0.000000000000000e+00
	3.300000000000000e+00
	3.300000000000000e+00
	-5.044782892863614e-05

 160	8.917940694382912e-08
	3.300000000000000e+00
	0.000000000000000e+00
	3.300000000000000e+00
	3.300000000000000e+00
	4.774663487576436e-05

 161	9.017940694382911e-08
	3.300000000000000e+00
	0.000000000000000e+00
	3.300000000000000e+00
	3.300000000000000e+00
	-4.463010409266888e-05

 162	9.117940694382911e-08
	3.300000000000000e+00
	0.000000000000000e+00
	3.300000000000000e+00
	3.300000000000000e+00
	4.224019820852493e-05

 163	9.217940694382910e-08
	3.300000000000000e+00
	0.000000000000000e+00
	3.300000000000000e+00
	3.300000000000000e+00
	-3.942783205244937e-05

 164	9.317940694382910e-08
	3.300000000000000e+00
	0.000000000000000e+00
	3.300000000000000e+00
	3.300000000000000e+00
	3.732002120377526e-05

 165	9.417940694382910e-08
	3.300000000000000e+00
	0.000000000000000e+00
	3.300000000000000e+00
	3.300000000000000e+00
	-3.478055125726714e-05

 166	9.517940694382909e-08
	3.300000000000000e+00
	0.000000000000000e+00
	3.300000000000000e+00
	3.300000000000000e+00
	3.292676189675658e-05

 167	9.617940694382909e-08
	3.300000000000000e+00
	0.000000000000000e+00
	3.300000000000000e+00
	3.300000000000000e+00
	-3.063149579327767e-05

 168	9.717940694382908e-08
	3.300000000000000e+00
	0.000000000000000e+00
	3.300000000000000e+00
	3.300000000000000e+00
	2.900551923523675e-05

 169	9.817940694382908e-08
	3.300000000000000e+00
	0.000000000000000e+00
	3.300000000000000e+00
	3.300000000000000e+00
	-2.692837175014007e-05

 170	9.917940694382907e-08
	3.300000000000000e+00
	0.000000000000000e+00
	3.300000000000000e+00
	3.300000000000000e+00
	2.550617888934237e-05

 171	1.001794069438291e-07
	3.300000000000000e+00
	0.000000000000000e+00
	3.300000000000000e+00
	3.300000000000000e+00
	-2.362434739379415e-05

 172	1.010000000000000e-07
	3.300000000000000e+00
	0.000000000000000e+00
	3.300000000000000e+00
	3.300000000000000e+00
	2.206270135214627e-05

 173	1.011000000000000e-07
	3.300000000000000e+00
	0.000000000000000e+00
	3.300000000000000e+00
	2.970000000000030e+00
	-2.522578087857108e-04

 174	1.013000000000000e-07
	3.300000000000000e+00
	0.000000000000000e+00
	3.300000000000000e+00
	2.310000000000024e+00
	-1.452039667552696e-04

 175	1.017000000000000e-07
	3.300000000000000e+00
	0.000000000000000e+00
	3.300000000000000e+00
	9.900000000000122e-01
	2.600592184992950e-04

 176	1.020000000000000e-07
	3.300000000000000e+00
	0.000000000000000e+00
	3.300000000000000e+00
	2.531308496145357e-14
	-2.530914629441661e-04

 177	1.020728237949656e-07
	3.300000000000000e+00
	0.000000000000000e+00
	3.300000000000000e+00
	0.000000000000000e+00
	3.393273618934045e-04

 178	1.022184713848969e-07
	3.300000000000000e+00
	0.000000000000000e+00
	3.300000000000000e+00
	0.000000000000000e+00
	-2.587499317313613e-05

 179	1.025097665647595e-07
	3.300000000000000e+00
	0.000000000000000e+00
	3.300000000000000e+00
	0.000000000000000e+00
	-3.853711928143710e-05

 180	1.030923569244847e-07
	3.300000000000000e+00
	0.000000000000000e+00
	3.300000000000000e+00
	0.000000000000000e+00
	5.881143891940666e-05

 181	1.040923569244847e-07
	3.300000000000000e+00
	0.000000000000000e+00
	3.300000000000000e+00
	0.000000000000000e+00
	-6.745642120709050e-05

 182	1.050923569244847e-07
	3.300000000000000e+00
	0.000000000000000e+00
	3.300000000000000e+00
	0.000000000000000e+00
	7.514362394311913e-05

 183	1.060923569244846e-07
	3.300000000000000e+00
	0.000000000000000e+00
	3.300000000000000e+00
	0.000000000000000e+00
	-8.020843705892899e-05

 184	1.070923569244846e-07
	3.300000000000000e+00
	0.000000000000000e+00
	3.300000000000000e+00
	0.000000000000000e+00
	8.540530989509937e-05

 185	1.080923569244846e-07
	3.300000000000000e+00
	0.000000000000000e+00
	3.300000000000000e+00
	0.000000000000000e+00
	-8.804135263181662e-05

 186	1.090923569244846e-07
	3.300000000000000e+00
	0.000000000000000e+00
	3.300000000000000e+00
	0.000000000000000e+00
	9.118880784656641e-05

 187	1.100923569244846e-07
	3.300000000000000e+00
	0.000000000000000e+00
	3.300000000000000e+00
	0.000000000000000e+00
	-9.201740237228112e-05

 188	1.110923569244846e-07
	3.300000000000000e+00
	0.000000000000000e+00
	3.300000000000000e+00
	0.000000000000000e+00
	9.363397564286086e-05

 189	1.120923569244846e-07
	3.300000000000000e+00
	0.000000000000000e+00
	3.300000000000000e+00
	0.000000000000000e+00
	-9.313957660012778e-05

 190	1.130923569244846e-07
	3.300000000000000e+00
	0.000000000000000e+00
	3.300000000000000e+00
	0.000000000000000e+00
	9.362876046754842e-05

 191	1.140923569244846e-07
	3.300000000000000e+00
	0.000000000000000e+00
	3.300000000000000e+00
	0.000000000000000e+00
	-9.218672877026740e-05

 192	1.150923569244846e-07
	3.300000000000000e+00
	0.000000000000000e+00
	3.300000000000000e+00
	0.000000000000000e+00
	9.186081543486463e-05

 193	1.160923569244846e-07
	3.300000000000000e+00
	0.000000000000000e+00
	3.300000000000000e+00
	0.000000000000000e+00
	-8.976002986404302e-05

 194	1.170923569244846e-07
	3.300000000000000e+00
	0.000000000000000e+00
	3.300000000000000e+00
	0.000000000000000e+00
	8.885932692786341e-05

 195	1.180923569244846e-07
	3.300000000000000e+00
	0.000000000000000e+00
	3.300000000000000e+00
	0.000000000000000e+00
	-8.632044468575434e-05

 196	1.190000000000000e-07
	3.300000000000000e+00
	0.000000000000000e+00
	3.300000000000000e+00
	0.000000000000000e+00
	8.483894577815398e-05

 197	1.191000000000000e-07
	3.300000000000000e+00
	0.000000000000000e+00
	2.970000000000041e+00
	0.000000000000000e+00
	-1.453910217339149e-04

 198	1.193000000000000e-07
	3.300000000000000e+00
	0.000000000000000e+00
	2.310000000000079e+00
	0.000000000000000e+00
	-1.282630811205721e-04

 199	1.195799459523672e-07
	3.300000000000000e+00
	0.000000000000000e+00
	1.386178357188327e+00
	0.000000000000000e+00
	3.127390711303302e-04

 200	1.199663164622220e-07
	3.300000000000000e+00
	0.000000000000000e+00
	1.111556746673572e-01
	0.000000000000000e+00
	6.088096324263770e-05

 201	1.200000000000000e-07
	3.300000000000000e+00
	0.000000000000000e+00
	0.000000000000000e+00
	0.000000000000000e+00
	-1.057678298673315e-03

 202	1.200161101303865e-07
	3.300000000000000e+00
	0.000000000000000e+00
	0.000000000000000e+00
	0.000000000000000e+00
	-6.890339284791325e-04

 203	1.200483303911593e-07
	3.300000000000000e+00
	0.000000000000000e+00
	0.000000000000000e+00
	0.000000000000000e+00
	-2.922946003067750e-04

 204	1.201127709127051e-07
	3.300000000000000e+00
	0.000000000000000e+00
	0.000000000000000e+00
	0.000000000000000e+00
	-1.332992703728109e-04

 205	1.202416519557966e-07
	3.300000000000000e+00
	0.000000000000000e+00
	0.000000000000000e+00
	0.000000000000000e+00
	8.141199292635570e-05

 206	1.204600355661239e-07
	3.300000000000000e+00
	0.000000000000000e+00
	0.000000000000000e+00
	0.000000000000000e+00
	-3.847078015273286e-05

 207	1.208110007889642e-07
	3.300000000000000e+00
	0.000000000000000e+00
	0.000000000000000e+00
	0.000000000000000e+00
	3.254816416863038e-05

 208	1.215129312346447e-07
	3.300000000000000e+00
	0.000000000000000e+00
	0.000000000000000e+00
	0.000000000000000e+00
	-2.701984763778947e-05

 209	1.220000000000000e-07
	3.300000000000000e+00
	0.000000000000000e+00
	0.000000000000000e+00
	0.000000000000000e+00
	2.253961241713287e-05

 210	1.221000000000000e-07
	3.300000000000000e+00
	0.000000000000000e+00
	0.000000000000000e+00
	3.300000000000248e-01
	3.072145186695796e-04

 211	1.223000000000000e-07
	3.300000000000000e+00
	0.000000000000000e+00
	0.000000000000000e+00
	9.899999999999870e-01
	-9.335061708320991e-05

 212	1.227000000000000e-07
	3.300000000000000e+00
	0.000000000000000e+00
	0.000000000000000e+00
	2.309999999999999e+00
	9.430997343308489e-05

 213	1.230000000000000e-07
	3.300000000000000e+00
	0.000000000000000e+00
	0.000000000000000e+00
	3.299999999999986e+00
	-6.874546524061886e-05

 214	1.230441399752741e-07
	3.300000000000000e+00
	0.000000000000000e+00
	0.000000000000000e+00
	3.300000000000000e+00
	-4.919511538858390e-04

 215	1.231324199258222e-07
	3.300000000000000e+00
	0.000000000000000e+00
	0.000000000000000e+00
	3.300000000000000e+00
	-2.149390164662979e-04

 216	1.233089798269185e-07
	3.300000000000000e+00
	0.000000000000000e+00
	0.000000000000000e+00
	3.300000000000000e+00
	1.594605467997723e-04

 217	1.236620996291112e-07
	3.300000000000000e+00
	0.000000000000000e+00
	0.000000000000000e+00
	3.300000000000000e+00
	-1.361609187806173e-04

 218	1.243683392334964e-07
	3.300000000000000e+00
	0.000000000000000e+00
	0.000000000000000e+00
	3.300000000000000e+00
	1.264888843499207e-04

 219	1.253683392334964e-07
	3.300000000000000e+00
	0.000000000000000e+00
	0.000000000000000e+00
	3.300000000000000e+00
	-1.190921075705925e-04

 220	1.263683392334964e-07
	3.300000000000000e+00
	0.000000000000000e+00
	0.000000000000000e+00
	3.300000000000000e+00
	1.134182205122305e-04

 221	1.273683392334964e-07
	3.300000000000000e+00
	0.000000000000000e+00
	0.000000000000000e+00
	3.300000000000000e+00
	-1.067500888254219e-04

 222	1.283683392334964e-07
	3.300000000000000e+00
	0.000000000000000e+00
	0.000000000000000e+00
	3.300000000000000e+00
	1.016736583787856e-04

 223	1.293683392334964e-07
	3.300000000000000e+00
	0.000000000000000e+00
	0.000000000000000e+00
	3.300000000000000e+00
	-9.567037637977366e-05

 224	1.303683392334964e-07
	3.300000000000000e+00
	0.000000000000000e+00
	0.000000000000000e+00
	3.300000000000000e+00
	9.112629731646005e-05

 225	1.313683392334964e-07
	3.300000000000000e+00
	0.000000000000000e+00
	0.000000000000000e+00
	3.300000000000000e+00
	-8.571746820711101e-05

 226	1.323683392334964e-07
	3.300000000000000e+00
	0.000000000000000e+00
	0.000000000000000e+00
	3.300000000000000e+00
	8.165981435959146e-05

 227	1.333683392334964e-07
	3.300000000000000e+00
	0.000000000000000e+00
	0.000000000000000e+00
	3.300000000000000e+00
	-7.678377824965610e-05

 228	1.343683392334964e-07
	3.300000000000000e+00
	0.000000000000000e+00
	0.000000000000000e+00
	3.300000000000000e+00
	7.316750364666502e-05

 229	1.353683392334964e-07
	3.300000000000000e+00
	0.000000000000000e+00
	0.000000000000000e+00
	3.300000000000000e+00
	-6.876937252651982e-05

 230	1.363683392334964e-07
	3.300000000000000e+00
	0.000000000000000e+00
	0.000000000000000e+00
	3.300000000000000e+00
	6.555187436471654e-05

 231	1.373683392334964e-07
	3.300000000000000e+00
	0.000000000000000e+00
	0.000000000000000e+00
	3.300000000000000e+00
	-6.158243599212188e-05

 232	1.383683392334964e-07
	3.300000000000000e+00
	0.000000000000000e+00
	0.000000000000000e+00
	3.300000000000000e+00
	5.872422184821646e-05

 233	1.393683392334964e-07
	3.300000000000000e+00
	0.000000000000000e+00
	0.000000000000000e+00
	3.300000000000000e+00
	-5.513924461376940e-05

 234	1.403683392334964e-07
	3.300000000000000e+00
	0.000000000000000e+00
	0.000000000000000e+00
	3.300000000000000e+00
	5.260413027532301e-05

 235	1.410000000000000e-07
	3.300000000000000e+00
	0.000000000000000e+00
	0.000000000000000e+00
	3.300000000000000e+00
	-4.771827357052949e-05

 236	1.411000000000000e-07
	3.300000000000000e+00
	0.000000000000000e+00
	0.000000000000000e+00
	2.969999999999986e+00
	-2.766681859450448e-04

 237	1.413000000000000e-07
	3.300000000000000e+00
	0.000000000000000e+00
	0.000000000000000e+00
	2.310000000000024e+00
	-1.465644774754638e-04

 238	1.417000000000000e-07
	3.300000000000000e+00
	0.000000000000000e+00
	0.000000000000000e+00
	9.900000000000122e-01
	2.681028523772860e-04

 239	1.420000000000000e-07
	3.300000000000000e+00
	0.000000000000000e+00
	0.000000000000000e+00
	2.531308496145357e-14
	-2.549881896887207e-04

 240	1.420728327976442e-07
	3.300000000000000e+00
	0.000000000000000e+00
	0.000000000000000e+00
	0.000000000000000e+00
	3.476345565816830e-04

 241	1.422184983929327e-07
	3.300000000000000e+00
	0.000000000000000e+00
	0.000000000000000e+00
	0.000000000000000e+00
	-1.950211927570500e-05

 242	1.425098295835096e-07
	3.300000000000000e+00
	0.000000000000000e+00
	0.000000000000000e+00
	0.000000000000000e+00
	-4.264189379832306e-05

 243	1.430924919646635e-07
	3.300000000000000e+00
	0.000000000000000e+00
	0.000000000000000e+00
	0.000000000000000e+00
	6.182638730063000e-05

 244	1.440924919646635e-07
	3.300000000000000e+00
	0.000000000000000e+00
	0.000000000000000e+00
	0.000000000000000e+00
	-6.990049139828092e-05

 245	1.450924919646635e-07
	3.300000000000000e+00
	0.000000000000000e+00
	0.000000000000000e+00
	0.000000000000000e+00
	7.689079277251043e-05

 246	1.460924919646634e-07
	3.300000000000000e+00
	0.000000000000000e+00
	0.000000000000000e+00
	0.000000000000000e+00
	-8.192007962017078e-05

 247	1.470000000000000e-07
	3.299999999999913e+00
	0.000000000000000e+00
	0.000000000000000e+00
	0.000000000000000e+00
	8.663405325297358e-05

 248	1.471000000000000e-07
	2.969999999999888e+00
	0.000000000000000e+00
	0.000000000000000e+00
	0.000000000000000e+00
	-1.071521593894453e-04

 249	1.473000000000000e-07
	2.309999999999926e+00
	0.000000000000000e+00
	0.000000000000000e+00
	0.000000000000000e+00
	-1.168481071019967e-04

 250	1.475810020382385e-07
	1.382693273812909e+00
	0.000000000000000e+00
	0.000000000000000e+00
	0.000000000000000e+00
	2.675597774851185e-04

 251	1.480000000000000e-07
	0.000000000000000e+00
	0.000000000000000e+00
	0.000000000000000e+00
	0.000000000000000e+00
	-2.916033845427740e-04

 252	1.480471638167957e-07
	0.000000000000000e+00
	0.000000000000000e+00
	0.000000000000000e+00
	0.000000000000000e+00
	-4.141975396461106e-04

 253	1.481414914503871e-07
	0.000000000000000e+00
	0.000000000000000e+00
	0.000000000000000e+00
	0.000000000000000e+00
	-1.972128429691133e-04

 254	1.483301467175698e-07
	0.000000000000000e+00
	0.000000000000000e+00
	0.000000000000000e+00
	0.000000000000000e+00
	5.320227899425767e-04

 255	1.485445012074416e-07
	0.000000000000000e+00
	0.000000000000000e+00
	0.000000000000000e+00
	0.000000000000000e+00
	-2.040132543386086e-04

 256	1.487771938258151e-07
	0.000000000000000e+00
	0.000000000000000e+00
	0.000000000000000e+00
	0.000000000000000e+00
	1.039808642829959e-04

 257	1.492425790625623e-07
	0.000000000000000e+00
	0.000000000000000e+00
	0.000000000000000e+00
	0.000000000000000e+00
	-5.936572462149348e-05

 258	1.501733495360565e-07
	0.000000000000000e+00
	0.000000000000000e+00
	0.000000000000000e+00
	0.000000000000000e+00
	4.843311850120935e-05

 259	1.511733495360565e-07
	0.000000000000000e+00
	0.000000000000000e+00
	0.000000000000000e+00
	0.000000000000000e+00
	-3.580976131394714e-05

 260	1.521733495360565e-07
	0.000000000000000e+00
	0.000000000000000e+00
	0.000000000000000e+00
	0.000000000000000e+00
	2.685916780142267e-05

 261	1.531733495360565e-07
	0.000000000000000e+00
	0.000000000000000e+00
	0.000000000000000e+00
	0.000000000000000e+00
	-1.784498002000562e-05

 262	1.541733495360565e-07
	0.000000000000000e+00
	0.000000000000000e+00
	0.000000000000000e+00
	0.000000000000000e+00
	1.108354196979050e-05

 263	1.551733495360565e-07
	0.000000000000000e+00
	0.000000000000000e+00
	0.000000000000000e+00
	0.000000000000000e+00
	-4.418301112786571e-06

 264	1.561733495360565e-07
	0.000000000000000e+00
	0.000000000000000e+00
	0.000000000000000e+00
	0.000000000000000e+00
	-5.473635756661488e-07

 265	1.571733495360565e-07
	0.000000000000000e+00
	0.000000000000000e+00
	0.000000000000000e+00
	0.000000000000000e+00
	5.498721901274484e-06

 266	1.581733495360565e-07
	0.000000000000000e+00
	0.000000000000000e+00
	0.000000000000000e+00
	0.000000000000000e+00
	-9.074401810992005e-06

 267	1.591733495360565e-07
	0.000000000000000e+00
	0.000000000000000e+00
	0.000000000000000e+00
	0.000000000000000e+00
	1.274252902076084e-05

 268	1.601733495360565e-07
	0.000000000000000e+00
	0.000000000000000e+00
	0.000000000000000e+00
	0.000000000000000e+00
	-1.525265315847207e-05

 269	1.611733495360565e-07
	0.000000000000000e+00
	0.000000000000000e+00
	0.000000000000000e+00
	0.000000000000000e+00
	1.795563050461385e-05

 270	1.620000000000000e-07
	0.000000000000000e+00
	0.000000000000000e+00
	0.000000000000000e+00
	0.000000000000000e+00
	-2.003090313380113e-05

 271	1.621000000000000e-07
	0.000000000000000e+00
	3.300000000000248e-01
	3.300000000000248e-01
	3.300000000000248e-01
	7.357547604194270e-04

 272	1.623000000000000e-07
	0.000000000000000e+00
	9.899999999999870e-01
	9.899999999999870e-01
	9.899999999999870e-01
	-1.466497776000927e-02

 273	1.624471354998997e-07
	0.000000000000000e+00
	1.475547149669093e+00
	1.475547149669093e+00
	1.475547149669093e+00
	2.724572756738921e-01

 274	1.625966382779222e-07
	0.000000000000000e+00
	1.968906317143182e+00
	1.968906317143182e+00
	1.968906317143182e+00
	2.307631632473728e+00

 275	1.627206222881366e-07
	0.000000000000000e+00
	2.378053550850877e+00
	2.378053550850877e+00
	2.378053550850877e+00
	3.400071432933351e+00

 276	1.628288283506491e-07
	0.000000000000000e+00
	2.735133557142073e+00
	2.735133557142073e+00
	2.735133557142073e+00
	3.239929031999113e+00

 277	1.629470144035028e-07
	0.000000000000000e+00
	3.125147531559388e+00
	3.125147531559388e+00
	3.125147531559388e+00
	3.324862012261298e+00

 278	1.630000000000000e-07
	0.000000000000000e+00
	3.299999999999986e+00
	3.299999999999986e+00
	3.299999999999986e+00
	3.296563252744743e+00

 279	1.630147892757386e-07
	0.000000000000000e+00
	3.300000000000000e+00
	3.300000000000000e+00
	3.300000000000000e+00
	3.297857378834004e+00

 280	1.630443678272158e-07
	0.000000000000000e+00
	3.300000000000000e+00
	3.300000000000000e+00
	3.300000000000000e+00
	3.299207445902569e+00

 281	1.631035249301702e-07
	0.000000000000000e+00
	3.300000000000000e+00
	3.300000000000000e+00
	3.300000000000000e+00
	3.299942049314612e+00

 282	1.632218391360789e-07
	0.000000000000000e+00
	3.300000000000000e+00
	3.300000000000000e+00
	3.300000000000000e+00
	3.300057336449842e+00

 283	1.634584675478964e-07
	0.000000000000000e+00
	3.300000000000000e+00
	3.300000000000000e+00
	3.300000000000000e+00
	3.299940058584556e+00

 284	1.639317243715315e-07
	0.000000000000000e+00
	3.300000000000000e+00
	3.300000000000000e+00
	3.300000000000000e+00
	3.300059755739797e+00

 285	1.648782380188015e-07
	0.000000000000000e+00
	3.300000000000000e+00
	3.300000000000000e+00
	3.300000000000000e+00
	3.299940324132959e+00

 286	1.658782380188015e-07
	0.000000000000000e+00
	3.300000000000000e+00
	3.300000000000000e+00
	3.300000000000000e+00
	3.300059280894698e+00

 287	1.668782380188015e-07
	0.000000000000000e+00
	3.300000000000000e+00
	3.300000000000000e+00
	3.300000000000000e+00
	3.299940934651322e+00

 288	1.678782380188015e-07
	0.000000000000000e+00
	3.300000000000000e+00
	3.300000000000000e+00
	3.300000000000000e+00
	3.300058546655615e+00

 289	1.688782380188015e-07
	0.000000000000000e+00
	3.300000000000000e+00
	3.300000000000000e+00
	3.300000000000000e+00
	3.299941775102187e+00

 290	1.698782380188015e-07
	0.000000000000000e+00
	3.300000000000000e+00
	3.300000000000000e+00
	3.300000000000000e+00
	3.300057614410738e+00

 291	1.708782380188015e-07
	0.000000000000000e+00
	3.300000000000000e+00
	3.300000000000000e+00
	3.300000000000000e+00
	3.299942786388699e+00

 292	1.718782380188015e-07
	0.000000000000000e+00
	3.300000000000000e+00
	3.300000000000000e+00
	3.300000000000000e+00
	3.300056534752148e+00

 293	1.728782380188015e-07
	0.000000000000000e+00
	3.300000000000000e+00
	3.300000000000000e+00
	3.300000000000000e+00
	3.299943924832799e+00

 294	1.738782380188015e-07
	0.000000000000000e+00
	3.300000000000000e+00
	3.300000000000000e+00
	3.300000000000000e+00
	3.300055345644374e+00

 295	1.748782380188015e-07
	0.000000000000000e+00
	3.300000000000000e+00
	3.300000000000000e+00
	3.300000000000000e+00
	3.299945157207866e+00

 296	1.758782380188015e-07
	0.000000000000000e+00
	3.300000000000000e+00
	3.300000000000000e+00
	3.300000000000000e+00
	3.300054076342021e+00

 297	1.768782380188015e-07
	0.000000000000000e+00
	3.300000000000000e+00
	3.300000000000000e+00
	3.300000000000000e+00
	3.299946457629959e+00

 298	1.778782380188014e-07
	0.000000000000000e+00
	3.300000000000000e+00
	3.300000000000000e+00
	3.300000000000000e+00
	3.300052749826168e+00

 299	1.788782380188014e-07
	0.000000000000000e+00
	3.300000000000000e+00
	3.300000000000000e+00
	3.300000000000000e+00
	3.299947805613337e+00

 300	1.798782380188014e-07
	0.000000000000000e+00
	3.300000000000000e+00
	3.300000000000000e+00
	3.300000000000000e+00
	3.300051384405376e+00

 301	1.808782380188014e-07
	0.000000000000000e+00
	3.300000000000000e+00
	3.300000000000000e+00
	3.300000000000000e+00
	3.299949184749327e+00

 302	1.810000000000000e-07
	0.000000000000000e+00
	3.300000000000000e+00
	3.300000000000000e+00
	3.300000000000000e+00
	3.300044937739113e+00

 303	1.810361861546538e-07
	0.000000000000000e+00
	3.300000000000000e+00
	3.300000000000000e+00
	3.180585689642588e+00
	3.299739638126054e+00

 304	1.811085584639613e-07
	0.000000000000000e+00
	3.300000000000000e+00
	3.300000000000000e+00
	2.941757068927743e+00
	3.299867232589260e+00

 305	1.812533030825764e-07
	0.000000000000000e+00
	3.300000000000000e+00
	3.300000000000000e+00
	2.464099827497964e+00
	3.300865568905349e+00

 306	1.815427923198065e-07
	0.000000000000000e+00
	3.300000000000000e+00
	3.300000000000000e+00
	1.508785344638493e+00
	3.303747552915798e+00

 307	1.818233166309686e-07
	0.000000000000000e+00
	3.300000000000000e+00
	3.300000000000000e+00
	5.830551178034726e-01
	6.248602868742871e-01

 308	1.820000000000000e-07
	0.000000000000000e+00
	3.300000000000000e+00
	3.300000000000000e+00
	2.531308496145357e-14
	-1.375868848660919e-01

 309	1.820260119973727e-07
	0.000000000000000e+00
	3.300000000000000e+00
	3.300000000000000e+00
	0.000000000000000e+00
	-5.770314969282947e-02

 310	1.820780359921180e-07
	0.000000000000000e+00
	3.300000000000000e+00
	3.300000000000000e+00
	0.000000000000000e+00
	3.878693650385234e-03

 311	1.821820839816088e-07
	0.000000000000000e+00
	3.300000000000000e+00
	3.300000000000000e+00
	0.000000000000000e+00
	-2.727426784042974e-03

 312	1.823880534223013e-07
	0.000000000000000e+00
	3.300000000000000e+00
	3.300000000000000e+00
	0.000000000000000e+00
	2.300886121779699e-03

 313	1.826458614833573e-07
	0.000000000000000e+00
	3.300000000000000e+00
	3.300000000000000e+00
	0.000000000000000e+00
	-2.008828259795203e-03

 314	1.831614776054691e-07
	0.000000000000000e+00
	3.300000000000000e+00
	3.300000000000000e+00
	0.000000000000000e+00
	1.884274045491706e-03

 315	1.841614776054691e-07
	0.000000000000000e+00
	3.300000000000000e+00
	3.300000000000000e+00
	0.000000000000000e+00
	-1.823636830859551e-03

 316	1.851614776054691e-07
	0.000000000000000e+00
	3.300000000000000e+00
	3.300000000000000e+00
	0.000000000000000e+00
	1.766885934140594e-03

 317	1.861614776054691e-07
	0.000000000000000e+00
	3.300000000000000e+00
	3.300000000000000e+00
	0.000000000000000e+00
	-1.711921615354252e-03

 318	1.871614776054691e-07
	0.000000000000000e+00
	3.300000000000000e+00
	3.300000000000000e+00
	0.000000000000000e+00
	1.660470281538672e-03

 319	1.881614776054691e-07
	0.000000000000000e+00
	3.300000000000000e+00
	3.300000000000000e+00
	0.000000000000000e+00
	-1.610597486054417e-03

 320	1.891614776054691e-07
	0.000000000000000e+00
	3.300000000000000e+00
	3.300000000000000e+00
	0.000000000000000e+00
	1.563934617569672e-03

 321	1.901614776054691e-07
	0.000000000000000e+00
	3.300000000000000e+00
	3.300000000000000e+00
	0.000000000000000e+00
	-1.518619035522521e-03

 322	1.911614776054691e-07
	0.000000000000000e+00
	3.300000000000000e+00
	3.300000000000000e+00
	0.000000000000000e+00
	1.476242473553824e-03

 323	1.921614776054691e-07
	0.000000000000000e+00
	3.300000000000000e+00
	3.300000000000000e+00
	0.000000000000000e+00
	-1.435000409355541e-03

 324	1.931614776054691e-07
	0.000000000000000e+00
	3.300000000000000e+00
	3.300000000000000e+00
	0.000000000000000e+00
	1.396452480028232e-03

 325	1.941614776054691e-07
	0.000000000000000e+00
	3.300000000000000e+00
	3.300000000000000e+00
	0.000000000000000e+00
	-1.358846247837067e-03

 326	1.951614776054691e-07
	0.000000000000000e+00
	3.300000000000000e+00
	3.300000000000000e+00
	0.000000000000000e+00
	1.323714448622781e-03

 327	1.961614776054691e-07
	0.000000000000000e+00
	3.300000000000000e+00
	3.300000000000000e+00
	0.000000000000000e+00
	-1.289351342344543e-03

 328	1.971614776054691e-07
	0.000000000000000e+00
	3.300000000000000e+00
	3.300000000000000e+00
	0.000000000000000e+00
	1.257266584802109e-03

 329	1.981614776054691e-07
	0.000000000000000e+00
	3.300000000000000e+00
	3.300000000000000e+00
	0.000000000000000e+00
	-1.225796797247568e-03

 330	1.990000000000000e-07
	0.000000000000000e+00
	3.300000000000000e+00
	3.300000000000000e+00
	0.000000000000000e+00
	1.190866651744601e-03

 331	1.991000000000000e-07
	0.000000000000000e+00
	3.300000000000000e+00
	2.969999999999997e+00
	0.000000000000000e+00
	-1.174793400742224e-04

 332	1.993000000000000e-07
	0.000000000000000e+00
	3.300000000000000e+00
	2.310000000000035e+00
	0.000000000000000e+00
	-1.196931354917885e-04

 333	1.995801991539861e-07
	0.000000000000000e+00
	3.300000000000000e+00
	1.385342791845740e+00
	0.000000000000000e+00
	5.401984008921584e-04

 334	1.999225408746008e-07
	0.000000000000000e+00
	3.300000000000000e+00
	2.556151138173410e-01
	0.000000000000000e+00
	-4.915058885313073e-05

 335	2.000000000000000e-07
	0.000000000000000e+00
	3.300000000000000e+00
	3.641531520770513e-14
	0.000000000000000e+00
	-1.729540436247595e-03

 336	2.000247871074702e-07
	0.000000000000000e+00
	3.300000000000000e+00
	0.000000000000000e+00
	0.000000000000000e+00
	-7.518916827075617e-04

 337	2.000743613224107e-07
	0.000000000000000e+00
	3.300000000000000e+00
	0.000000000000000e+00
	0.000000000000000e+00
	1.318238054328069e-04

 338	2.001735097522916e-07
	0.000000000000000e+00
	3.300000000000000e+00
	0.000000000000000e+00
	0.000000000000000e+00
	-5.371880846730126e-05

 339	2.003718066120534e-07
	0.000000000000000e+00
	3.300000000000000e+00
	0.000000000000000e+00
	0.000000000000000e+00
	4.199137298846467e-05

 340	2.007684003315771e-07
	0.000000000000000e+00
	3.300000000000000e+00
	0.000000000000000e+00
	0.000000000000000e+00
	-2.862070240128300e-05

 341	2.015615877706245e-07
	0.000000000000000e+00
	3.300000000000000e+00
	0.000000000000000e+00
	0.000000000000000e+00
	2.636590578863202e-05

 342	2.020000000000000e-07
	0.000000000000000e+00
	3.300000000000000e+00
	0.000000000000000e+00
	0.000000000000000e+00
	-2.048077330510378e-05

 343	2.021000000000000e-07
	0.000000000000000e+00
	3.300000000000000e+00
	0.000000000000000e+00
	3.300000000000248e-01
	3.369674492932628e-04

 344	2.023000000000000e-07
	0.000000000000000e+00
	3.300000000000000e+00
	0.000000000000000e+00
	9.899999999999870e-01
	-8.916037553535761e-05

 345	2.024457379091894e-07
	0.000000000000000e+00
	3.300000000000000e+00
	0.000000000000000e+00
	1.470935100325166e+00
	-1.201135317233093e-05

 346	2.026086997646998e-07
	0.000000000000000e+00
	3.300000000000000e+00
	0.000000000000000e+00
	2.008709223509270e+00
	1.234701109803227e-04

 347	2.029062713426220e-07
	0.000000000000000e+00
	3.300000000000000e+00
	0.000000000000000e+00
	2.990695430652754e+00
	2.487114289781434e-06

 348	2.030000000000000e-07
	0.000000000000000e+00
	3.300000000000000e+00
	0.000000000000000e+00
	3.299999999999986e+00
	-3.923059261661532e-04

 349	2.030391759043927e-07
	0.000000000000000e+00
	3.300000000000000e+00
	0.000000000000000e+00
	3.300000000000000e+00
	-5.739301156637289e-04

 350	2.031175277131781e-07
	0.000000000000000e+00
	3.300000000000000e+00
	0.000000000000000e+00
	3.300000000000000e+00
	-2.542847466946441e-04

 351	2.032742313307490e-07
	0.000000000000000e+00
	3.300000000000000e+00
	0.000000000000000e+00
	3.300000000000000e+00
	1.381533072458141e-04

 352	2.035876385658908e-07
	0.000000000000000e+00
	3.300000000000000e+00
	0.000000000000000e+00
	3.300000000000000e+00
	-1.062852305753342e-04

 353	2.042144530361743e-07
	0.000000000000000e+00
	3.300000000000000e+00
	0.000000000000000e+00
	3.300000000000000e+00
	9.450990417515792e-05

 354	2.052144530361743e-07
	0.000000000000000e+00
	3.300000000000000e+00
	0.000000000000000e+00
	3.300000000000000e+00
	-8.732771028127639e-05

 355	2.062144530361743e-07
	0.000000000000000e+00
	3.300000000000000e+00
	0.000000000000000e+00
	3.300000000000000e+00
	8.147377154887891e-05

 356	2.072144530361743e-07
	0.000000000000000e+00
	3.300000000000000e+00
	0.000000000000000e+00
	3.300000000000000e+00
	-7.544414596356852e-05

 357	2.082144530361743e-07
	0.000000000000000e+00
	3.300000000000000e+00
	0.000000000000000e+00
	3.300000000000000e+00
	7.054163140814834e-05

 358	2.092144530361743e-07
	0.000000000000000e+00
	3.300000000000000e+00
	0.000000000000000e+00
	3.300000000000000e+00
	-6.541977457606707e-05

 359	2.102144530361743e-07
	0.000000000000000e+00
	3.300000000000000e+00
	0.000000000000000e+00
	3.300000000000000e+00
	6.129935299365591e-05

 360	2.112144530361743e-07
	0.000000000000000e+00
	3.300000000000000e+00
	0.000000000000000e+00
	3.300000000000000e+00
	-5.691053773225485e-05

 361	2.122144530361743e-07
	0.000000000000000e+00
	3.300000000000000e+00
	0.000000000000000e+00
	3.300000000000000e+00
	5.343427466610040e-05

 362	2.132144530361743e-07
	0.000000000000000e+00
	3.300000000000000e+00
	0.000000000000000e+00
	3.300000000000000e+00
	-4.964587183506342e-05

 363	2.142144530361743e-07
	0.000000000000000e+00
	3.300000000000000e+00
	0.000000000000000e+00
	3.300000000000000e+00
	4.670354424150813e-05

 364	2.152144530361743e-07
	0.000000000000000e+00
	3.300000000000000e+00
	0.000000000000000e+00
	3.300000000000000e+00
	-4.341222590797944e-05

 365	2.162144530361743e-07
	0.000000000000000e+00
	3.300000000000000e+00
	0.000000000000000e+00
	3.300000000000000e+00
	4.091565163164695e-05

 366	2.172144530361743e-07
	0.000000000000000e+00
	3.300000000000000e+00
	0.000000000000000e+00
	3.300000000000000e+00
	-3.803956479515869e-05

 367	2.182144530361743e-07
	0.000000000000000e+00
	3.300000000000000e+00
	0.000000000000000e+00
	3.300000000000000e+00
	3.591771457296666e-05

 368	2.192144530361743e-07
	0.000000000000000e+00
	3.300000000000000e+00
	0.000000000000000e+00
	3.300000000000000e+00
	-3.339115407269971e-05

 369	2.202144530361743e-07
	0.000000000000000e+00
	3.300000000000000e+00
	0.000000000000000e+00
	3.300000000000000e+00
	3.158633053239324e-05

 370	2.210000000000000e-07
	0.000000000000000e+00
	3.300000000000000e+00
	0.000000000000000e+00
	3.300000000000000e+00
	-2.884511208037233e-05

 371	2.211000000000000e-07
	0.000000000000000e+00
	3.300000000000000e+00
	0.000000000000000e+00
	2.969999999999986e+00
	-3.260435794352756e-04

 372	2.213000000000000e-07
	0.000000000000000e+00
	3.300000000000000e+00
	0.000000000000000e+00
	2.310000000000024e+00
	-1.722571871863310e-04

 373	2.217000000000000e-07
	0.000000000000000e+00
	3.300000000000000e+00
	0.000000000000000e+00
	9.900000000000122e-01
	3.186075785046871e-04

 374	2.220000000000000e-07
	0.000000000000000e+00
	3.300000000000000e+00
	0.000000000000000e+00
	2.531308496145357e-14
	-2.920328327686295e-04

 375	2.220730324143182e-07
	0.000000000000000e+00
	3.300000000000000e+00
	0.000000000000000e+00
	0.000000000000000e+00
	3.829907757969819e-04

 376	2.222190972429546e-07
	0.000000000000000e+00
	3.300000000000000e+00
	0.000000000000000e+00
	0.000000000000000e+00
	-6.502565307986430e-06

 377	2.225112269002275e-07
	0.000000000000000e+00
	3.300000000000000e+00
	0.000000000000000e+00
	0.000000000000000e+00
	-6.126072264217575e-05

 378	2.230954862147732e-07
	0.000000000000000e+00
	3.300000000000000e+00
	0.000000000000000e+00
	0.000000000000000e+00
	8.125039026708053e-05

 379	2.240954862147732e-07
	0.000000000000000e+00
	3.300000000000000e+00
	0.000000000000000e+00
	0.000000000000000e+00
	-8.943900702729907e-05

 380	2.250954862147732e-07
	0.000000000000000e+00
	3.300000000000000e+00
	0.000000000000000e+00
	0.000000000000000e+00
	9.631340651351794e-05

 381	2.260954862147732e-07
	0.000000000000000e+00
	3.300000000000000e+00
	0.000000000000000e+00
	0.000000000000000e+00
	-1.010515364823703e-04

 382	2.270954862147732e-07
	0.000000000000000e+00
	3.300000000000000e+00
	0.000000000000000e+00
	0.000000000000000e+00
	1.049678966476009e-04

 383	2.280954862147732e-07
	0.000000000000000e+00
	3.300000000000000e+00
	0.000000000000000e+00
	0.000000000000000e+00
	-1.071656630177997e-04

 384	2.290954862147732e-07
	0.000000000000000e+00
	3.300000000000000e+00
	0.000000000000000e+00
	0.000000000000000e+00
	1.089170471474388e-04

 385	2.300954862147732e-07
	0.000000000000000e+00
	3.300000000000000e+00
	0.000000000000000e+00
	0.000000000000000e+00
	-1.092690238448726e-04

 386	2.310954862147732e-07
	0.000000000000000e+00
	3.300000000000000e+00
	0.000000000000000e+00
	0.000000000000000e+00
	1.094597965935543e-04

 387	2.320954862147731e-07
	0.000000000000000e+00
	3.300000000000000e+00
	0.000000000000000e+00
	0.000000000000000e+00
	-1.084942235512684e-04

 388	2.330954862147731e-07
	0.000000000000000e+00
	3.300000000000000e+00
	0.000000000000000e+00
	0.000000000000000e+00
	1.075831741729066e-04

 389	2.340954862147731e-07
	0.000000000000000e+00
	3.300000000000000e+00
	0.000000000000000e+00
	0.000000000000000e+00
	-1.057000834452648e-04

 390	2.350000000000000e-07
	0.000000000000000e+00
	3.300000000000000e+00
	0.000000000000000e+00
	0.000000000000000e+00
	1.038132818432513e-04

 391	2.351000000000000e-07
	0.000000000000000e+00
	2.969999999999975e+00
	0.000000000000000e+00
	0.000000000000000e+00
	-8.878739229445376e-05

 392	2.353000000000000e-07
	0.000000000000000e+00
	2.310000000000013e+00
	0.000000000000000e+00
	0.000000000000000e+00
	-1.613989568197138e-05

 393	2.355819711717001e-07
	0.000000000000000e+00
	1.379495133389707e+00
	0.000000000000000e+00
	0.000000000000000e+00
	-2.136220799136418e-04

 394	2.360000000000000e-07
	0.000000000000000e+00
	0.000000000000000e+00
	0.000000000000000e+00
	0.000000000000000e+00
	-1.513211767059319e-03

 395	2.360474326366261e-07
	0.000000000000000e+00
	0.000000000000000e+00
	0.000000000000000e+00
	0.000000000000000e+00
	8.283583583384990e-05

 396	2.361422979098783e-07
	0.000000000000000e+00
	0.000000000000000e+00
	0.000000000000000e+00
	0.000000000000000e+00
	1.957146947232730e-03

 397	2.363320284563828e-07
	0.000000000000000e+00
	0.000000000000000e+00
	0.000000000000000e+00
	0.000000000000000e+00
	8.385928298080825e-04

 398	2.365514677418029e-07
	0.000000000000000e+00
	0.000000000000000e+00
	0.000000000000000e+00
	0.000000000000000e+00
	-4.076983766900383e-04

 399	2.368008053719756e-07
	0.000000000000000e+00
	0.000000000000000e+00
	0.000000000000000e+00
	0.000000000000000e+00
	2.972774067985934e-04

 400	2.372599436515578e-07
	0.000000000000000e+00
	0.000000000000000e+00
	0.000000000000000e+00
	0.000000000000000e+00
	-2.195441269531584e-04

 401	2.381782202107221e-07
	0.000000000000000e+00
	0.000000000000000e+00
	0.000000000000000e+00
	0.000000000000000e+00
	1.962619205927649e-04

 402	2.391782202107221e-07
	0.000000000000000e+00
	0.000000000000000e+00
	0.000000000000000e+00
	0.000000000000000e+00
	-1.713530591712434e-04

 403	2.401782202107221e-07
	0.000000000000000e+00
	0.000000000000000e+00
	0.000000000000000e+00
	0.000000000000000e+00
	1.511681698141976e-04

 404	2.411782202107222e-07
	0.000000000000000e+00
	0.000000000000000e+00
	0.000000000000000e+00
	0.000000000000000e+00
	-1.312036993189394e-04

 405	2.420000000000000e-07
	0.000000000000000e+00
	0.000000000000000e+00
	0.000000000000000e+00
	0.000000000000000e+00
	1.107564863427751e-04

 406	2.421000000000000e-07
	0.000000000000000e+00
	0.000000000000000e+00
	3.299999999998501e-01
	3.299999999998501e-01
	6.377307694322709e-04

 407	2.423000000000000e-07
	0.000000000000000e+00
	0.000000000000000e+00
	9.899999999998997e-01
	9.899999999998997e-01
	-1.509666732580592e-02

 408	2.425021834822589e-07
	0.000000000000000e+00
	0.000000000000000e+00
	1.657205491454410e+00
	1.657205491454410e+00
	1.765882141962386e+00

 409	2.426751508851272e-07
	0.000000000000000e+00
	0.000000000000000e+00
	2.227997920919611e+00
	2.227997920919611e+00
	3.288551553544674e+00

 410	2.428532011894698e-07
	0.000000000000000e+00
	0.000000000000000e+00
	2.815563925250202e+00
	2.815563925250202e+00
	3.303075140644794e+00

 411	2.430000000000000e-07
	0.000000000000000e+00
	0.000000000000000e+00
	3.299999999999899e+00
	3.299999999999899e+00
	3.297157542332724e+00

 412	2.430166741926058e-07
	0.000000000000000e+00
	0.000000000000000e+00
	3.300000000000000e+00
	3.300000000000000e+00
	3.298556337739666e+00

 413	2.430500225778175e-07
	0.000000000000000e+00
	0.000000000000000e+00
	3.300000000000000e+00
	3.300000000000000e+00
	3.300080944033652e+00

 414	2.431167193482408e-07
	0.000000000000000e+00
	0.000000000000000e+00
	3.300000000000000e+00
	3.300000000000000e+00
	3.300046163540638e+00

 415	2.432501128890875e-07
	0.000000000000000e+00
	0.000000000000000e+00
	3.300000000000000e+00
	3.300000000000000e+00
	3.299924082431081e+00

 416	2.435092231116025e-07
	0.000000000000000e+00
	0.000000000000000e+00
	3.300000000000000e+00
	3.300000000000000e+00
	3.300078966018009e+00

 417	2.440274435566324e-07
	0.000000000000000e+00
	0.000000000000000e+00
	3.300000000000000e+00
	3.300000000000000e+00
	3.299919287895783e+00

 418	2.450274435566324e-07
	0.000000000000000e+00
	0.000000000000000e+00
	3.300000000000000e+00
	3.300000000000000e+00
	3.300079726713536e+00

 419	2.460274435566324e-07
	0.000000000000000e+00
	0.000000000000000e+00
	3.300000000000000e+00
	3.300000000000000e+00
	3.299919308019166e+00

 420	2.470274435566325e-07
	0.000000000000000e+00
	0.000000000000000e+00
	3.300000000000000e+00
	3.300000000000000e+00
	3.300079403448870e+00

 421	2.480274435566325e-07
	0.000000000000000e+00
	0.000000000000000e+00
	3.300000000000000e+00
	3.300000000000000e+00
	3.299919927580741e+00

 422	2.490274435566325e-07
	0.000000000000000e+00
	0.000000000000000e+00
	3.300000000000000e+00
	3.300000000000000e+00
	3.300078536428687e+00

 423	2.500274435566325e-07
	0.000000000000000e+00
	0.000000000000000e+00
	3.300000000000000e+00
	3.300000000000000e+00
	3.299921039408162e+00

 424	2.510274435566326e-07
	0.000000000000000e+00
	0.000000000000000e+00
	3.300000000000000e+00
	3.300000000000000e+00
	3.300077224087237e+00

 425	2.520274435566326e-07
	0.000000000000000e+00
	0.000000000000000e+00
	3.300000000000000e+00
	3.300000000000000e+00
	3.299922552959917e+00

 426	2.530274435566326e-07
	0.000000000000000e+00
	0.000000000000000e+00
	3.300000000000000e+00
	3.300000000000000e+00
	3.300075549777291e+00

 427	2.540274435566326e-07
	0.000000000000000e+00
	0.000000000000000e+00
	3.300000000000000e+00
	3.300000000000000e+00
	3.299924391463752e+00

 428	2.550274435566326e-07
	0.000000000000000e+00
	0.000000000000000e+00
	3.300000000000000e+00
	3.300000000000000e+00
	3.300073584256835e+00

 429	2.560274435566327e-07
	0.000000000000000e+00
	0.000000000000000e+00
	3.300000000000000e+00
	3.300000000000000e+00
	3.299926489679310e+00

 430	2.570274435566327e-07
	0.000000000000000e+00
	0.000000000000000e+00
	3.300000000000000e+00
	3.300000000000000e+00
	3.300071387700289e+00

 431	2.580274435566327e-07
	0.000000000000000e+00
	0.000000000000000e+00
	3.300000000000000e+00
	3.300000000000000e+00
	3.299928792093400e+00

 432	2.590274435566327e-07
	0.000000000000000e+00
	0.000000000000000e+00
	3.300000000000000e+00
	3.300000000000000e+00
	3.300069011332145e+00

 433	2.600274435566328e-07
	0.000000000000000e+00
	0.000000000000000e+00
	3.300000000000000e+00
	3.300000000000000e+00
	3.299931251444186e+00

 434	2.610000000000000e-07
	0.000000000000000e+00
	0.000000000000000e+00
	3.300000000000000e+00
	3.300000000000000e+00
	3.300066462330641e+00

 435	2.611000000000000e-07
	0.000000000000000e+00
	0.000000000000000e+00
	3.300000000000000e+00
	2.969999999999986e+00
	3.299929938944071e+00

 436	2.613000000000000e-07
	0.000000000000000e+00
	0.000000000000000e+00
	3.300000000000000e+00
	2.309999999999937e+00
	3.300961468806336e+00

 437	2.616245655126765e-07
	0.000000000000000e+00
	0.000000000000000e+00
	3.300000000000000e+00
	1.238933808167771e+00
	3.303499284097120e+00

 438	2.620000000000000e-07
	0.000000000000000e+00
	0.000000000000000e+00
	3.300000000000000e+00
	0.000000000000000e+00
	3.331012779312302e+00

 439	2.620640090671515e-07
	0.000000000000000e+00
	0.000000000000000e+00
	3.300000000000000e+00
	0.000000000000000e+00
	3.320285578442502e+00

 440	2.621920272014543e-07
	0.000000000000000e+00
	0.000000000000000e+00
	3.300000000000000e+00
	0.000000000000000e+00
	3.296438763905735e+00

 441	2.624480634700600e-07
	0.000000000000000e+00
	0.000000000000000e+00
	3.300000000000000e+00
	0.000000000000000e+00
	3.301738425792136e+00

 442	2.626936022584902e-07
	0.000000000000000e+00
	0.000000000000000e+00
	3.300000000000000e+00
	0.000000000000000e+00
	3.299328080070268e+00

 443	2.630376305146649e-07
	0.000000000000000e+00
	0.000000000000000e+00
	3.300000000000000e+00
	0.000000000000000e+00
	3.300234446486097e+00

 444	2.637256870270144e-07
	0.000000000000000e+00
	0.000000000000000e+00
	3.300000000000000e+00
	0.000000000000000e+00
	3.299916290328956e+00

 445	2.647256870270144e-07
	0.000000000000000e+00
	0.000000000000000e+00
	3.300000000000000e+00
	0.000000000000000e+00
	3.300000210929447e+00

 446	2.657256870270144e-07
	0.000000000000000e+00
	0.000000000000000e+00
	3.300000000000000e+00
	0.000000000000000e+00
	3.300069818175496e+00

 447	2.667256870270145e-07
	0.000000000000000e+00
	0.000000000000000e+00
	3.300000000000000e+00
	0.000000000000000e+00
	3.299872220110359e+00

 448	2.677256870270145e-07
	0.000000000000000e+00
	0.000000000000000e+00
	3.300000000000000e+00
	0.000000000000000e+00
	3.300175447250485e+00

 449	2.687256870270145e-07
	0.000000000000000e+00
	0.000000000000000e+00
	3.300000000000000e+00
	0.000000000000000e+00
	3.299785826240010e+00

 450	2.697256870270145e-07
	0.000000000000000e+00
	0.000000000000000e+00
	3.300000000000000e+00
	0.000000000000000e+00
	3.300245080802184e+00

 451	2.707256870270145e-07
	0.000000000000000e+00
	0.000000000000000e+00
	3.300000000000000e+00
	0.000000000000000e+00
	3.299730592559129e+00

 452	2.717256870270146e-07
	0.000000000000000e+00
	0.000000000000000e+00
	3.300000000000000e+00
	0.000000000000000e+00
	3.300287855674289e+00

 453	2.727256870270146e-07
	0.000000000000000e+00
	0.000000000000000e+00
	3.300000000000000e+00
	0.000000000000000e+00
	3.299698470417732e+00

 454	2.737256870270146e-07
	0.000000000000000e+00
	0.000000000000000e+00
	3.300000000000000e+00
	0.000000000000000e+00
	3.300310827024150e+00

 455	2.747256870270146e-07
	0.000000000000000e+00
	0.000000000000000e+00
	3.300000000000000e+00
	0.000000000000000e+00
	3.299683267813906e+00

 456	2.757256870270147e-07
	0.000000000000000e+00
	0.000000000000000e+00
	3.300000000000000e+00
	0.000000000000000e+00
	3.300319414243996e+00

 457	2.767256870270147e-07
	0.000000000000000e+00
	0.000000000000000e+00
	3.300000000000000e+00
	0.000000000000000e+00
	3.299679288989813e+00

 458	2.777256870270147e-07
	0.000000000000000e+00
	0.000000000000000e+00
	3.300000000000000e+00
	0.000000000000000e+00
	3.300317750884174e+00

 459	2.787256870270147e-07
	0.000000000000000e+00
	0.000000000000000e+00
	3.300000000000000e+00
	0.000000000000000e+00
	3.299684871659769e+00

 460	2.790000000000000e-07
	0.000000000000000e+00
	0.000000000000000e+00
	3.299999999999935e+00
	0.000000000000000e+00
	3.300290962766587e+00

 461	2.790822032240620e-07
	0.000000000000000e+00
	0.000000000000000e+00
	3.028729360595483e+00
	0.000000000000000e+00
	3.299896122307431e+00

 462	2.792466096721859e-07
	0.000000000000000e+00
	0.000000000000000e+00
	2.486188081786755e+00
	0.000000000000000e+00
	3.300676370581106e+00

 463	2.795754225684336e-07
	0.000000000000000e+00
	0.000000000000000e+00
	1.401105524169298e+00
	0.000000000000000e+00
	3.304289993147049e+00

 464	2.798931223064704e-07
	0.000000000000000e+00
	0.000000000000000e+00
	3.526963886476486e-01
	0.000000000000000e+00
	6.029333931645029e-01

 465	2.800000000000001e-07
	0.000000000000000e+00
	0.000000000000000e+00
	0.000000000000000e+00
	0.000000000000000e+00
	-7.748016775468153e-02

 466	2.800296080869741e-07
	0.000000000000000e+00
	0.000000000000000e+00
	0.000000000000000e+00
	0.000000000000000e+00
	-2.904347977436011e-02

 467	2.800888242609223e-07
	0.000000000000000e+00
	0.000000000000000e+00
	0.000000000000000e+00
	0.000000000000000e+00
	7.561727291488962e-03

 468	2.802072566088187e-07
	0.000000000000000e+00
	0.000000000000000e+00
	0.000000000000000e+00
	0.000000000000000e+00
	-2.714842145068258e-03

 469	2.804441213046114e-07
	0.000000000000000e+00
	0.000000000000000e+00
	0.000000000000000e+00
	0.000000000000000e+00
	2.057147012230504e-03

 470	2.807692763343167e-07
	0.000000000000000e+00
	0.000000000000000e+00
	0.000000000000000e+00
	0.000000000000000e+00
	-1.705056784877909e-03

 471	2.814195863937273e-07
	0.000000000000000e+00
	0.000000000000000e+00
	0.000000000000000e+00
	0.000000000000000e+00
	1.565831169533231e-03

 472	2.820000000000000e-07
	0.000000000000000e+00
	0.000000000000000e+00
	0.000000000000000e+00
	0.000000000000000e+00
	-1.424182897777251e-03

 473	2.821000000000000e-07
	0.000000000000000e+00
	0.000000000000000e+00
	0.000000000000000e+00
	3.300000000000248e-01
	1.737249488402981e-04

 474	2.823000000000000e-07
	0.000000000000000e+00
	0.000000000000000e+00
	0.000000000000000e+00
	9.900000000000745e-01
	-3.953472199421798e-03

 475	2.824570310186254e-07
	0.000000000000000e+00
	0.000000000000000e+00
	0.000000000000000e+00
	1.508202361463742e+00
	2.048876440432445e-01

 476	2.826355062483426e-07
	0.000000000000000e+00
	0.000000000000000e+00
	0.000000000000000e+00
	2.097170619530701e+00
	1.935225554890402e+00

 477	2.827936908944244e-07
	0.000000000000000e+00
	0.000000000000000e+00
	0.000000000000000e+00
	2.619179951600438e+00
	3.280345663978421e+00

 478	2.829774450129057e-07
	0.000000000000000e+00
	0.000000000000000e+00
	0.000000000000000e+00
	3.225568542588660e+00
	3.309203093967541e+00

 479	2.830000000000000e-07
	0.000000000000000e+00
	0.000000000000000e+00
	0.000000000000000e+00
	3.300000000000000e+00
	3.305383702918636e+00

 480	2.830205133191234e-07
	0.000000000000000e+00
	0.000000000000000e+00
	0.000000000000000e+00
	3.300000000000000e+00
	3.302562854056678e+00

 481	2.830615399573703e-07
	0.000000000000000e+00
	0.000000000000000e+00
	0.000000000000000e+00
	3.300000000000000e+00
	3.300012077996904e+00

 482	2.831435932338639e-07
	0.000000000000000e+00
	0.000000000000000e+00
	0.000000000000000e+00
	3.300000000000000e+00
	3.300039226253588e+00

 483	2.833076997868512e-07
	0.000000000000000e+00
	0.000000000000000e+00
	0.000000000000000e+00
	3.300000000000000e+00
	3.299962304986170e+00

 484	2.836359128928259e-07
	0.000000000000000e+00
	0.000000000000000e+00
	0.000000000000000e+00
	3.300000000000000e+00
	3.300035830420136e+00

 485	2.842923391047752e-07
	0.000000000000000e+00
	0.000000000000000e+00
	0.000000000000000e+00
	3.300000000000000e+00
	3.299965165538069e+00

 486	2.852923391047752e-07
	0.000000000000000e+00
	0.000000000000000e+00
	0.000000000000000e+00
	3.300000000000000e+00
	3.300034103293783e+00

 487	2.862923391047752e-07
	0.000000000000000e+00
	0.000000000000000e+00
	0.000000000000000e+00
	3.300000000000000e+00
	3.299966505481700e+00

 488	2.872923391047753e-07
	0.000000000000000e+00
	0.000000000000000e+00
	0.000000000000000e+00
	3.300000000000000e+00
	3.300032725102957e+00

 489	2.882923391047753e-07
	0.000000000000000e+00
	0.000000000000000e+00
	0.000000000000000e+00
	3.300000000000000e+00
	3.299967856918323e+00

 490	2.892923391047753e-07
	0.000000000000000e+00
	0.000000000000000e+00
	0.000000000000000e+00
	3.300000000000000e+00
	3.300031370386417e+00

 491	2.902923391047753e-07
	0.000000000000000e+00
	0.000000000000000e+00
	0.000000000000000e+00
	3.300000000000000e+00
	3.299969185584691e+00

 492	2.912923391047754e-07
	0.000000000000000e+00
	0.000000000000000e+00
	0.000000000000000e+00
	3.300000000000000e+00
	3.300030054835743e+00

 493	2.922923391047754e-07
	0.000000000000000e+00
	0.000000000000000e+00
	0.000000000000000e+00
	3.300000000000000e+00
	3.299970472212496e+00

 494	2.932923391047754e-07
	0.000000000000000e+00
	0.000000000000000e+00
	0.000000000000000e+00
	3.300000000000000e+00
	3.300028790370524e+00

 495	2.942923391047754e-07
	0.000000000000000e+00
	0.000000000000000e+00
	0.000000000000000e+00
	3.300000000000000e+00
	3.299971705204462e+00

 496	2.952923391047754e-07
	0.000000000000000e+00
	0.000000000000000e+00
	0.000000000000000e+00
	3.300000000000000e+00
	3.300027584688110e+00

 497	2.962923391047755e-07
	0.000000000000000e+00
	0.000000000000000e+00
	0.000000000000000e+00
	3.300000000000000e+00
	3.299972877862131e+00

 498	2.972923391047755e-07
	0.000000000000000e+00
	0.000000000000000e+00
	0.000000000000000e+00
	3.300000000000000e+00
	3.300026442092774e+00

 499	2.982923391047755e-07
	0.000000000000000e+00
	0.000000000000000e+00
	0.000000000000000e+00
	3.300000000000000e+00
	3.299973986865254e+00

 500	2.992923391047755e-07
	0.000000000000000e+00
	0.000000000000000e+00
	0.000000000000000e+00
	3.300000000000000e+00
	3.300025364325167e+00

 501	3.002923391047756e-07
	0.000000000000000e+00
	0.000000000000000e+00
	0.000000000000000e+00
	3.300000000000000e+00
	3.299975031262788e+00

 502	3.010000000000001e-07
	0.000000000000000e+00
	0.000000000000000e+00
	0.000000000000000e+00
	3.299999999999836e+00
	3.300024149593492e+00

 503	3.011000000000001e-07
	0.000000000000000e+00
	0.000000000000000e+00
	0.000000000000000e+00
	2.969999999999811e+00
	3.299835265415349e+00

 504	3.013000000000001e-07
	0.000000000000000e+00
	0.000000000000000e+00
	0.000000000000000e+00
	2.309999999999762e+00
	3.301222369466105e+00

 505	3.015888065886514e-07
	0.000000000000000e+00
	0.000000000000000e+00
	0.000000000000000e+00
	1.356938257450521e+00
	3.304434095563070e+00

 506	3.018785324024173e-07
	0.000000000000000e+00
	0.000000000000000e+00
	0.000000000000000e+00
	4.008430720230289e-01
	6.556764204518583e-01

 507	3.020000000000001e-07
	0.000000000000000e+00
	0.000000000000000e+00
	0.000000000000000e+00
	0.000000000000000e+00
	-1.309650948136659e-01

 508	3.020275024582823e-07
	0.000000000000000e+00
	0.000000000000000e+00
	0.000000000000000e+00
	0.000000000000000e+00
	-6.214016809062056e-02

 509	3.020825073748467e-07
	0.000000000000000e+00
	0.000000000000000e+00
	0.000000000000000e+00
	0.000000000000000e+00
	2.202313738220996e-03

 510	3.021925172079754e-07
	0.000000000000000e+00
	0.000000000000000e+00
	0.000000000000000e+00
	0.000000000000000e+00
	-2.009335945694635e-03

 511	3.024125368742330e-07
	0.000000000000000e+00
	0.000000000000000e+00
	0.000000000000000e+00
	0.000000000000000e+00
	1.619983599337932e-03

 512	3.026932458181564e-07
	0.000000000000000e+00
	0.000000000000000e+00
	0.000000000000000e+00
	0.000000000000000e+00
	-1.349938525113170e-03

 513	3.032546637060031e-07
	0.000000000000000e+00
	0.000000000000000e+00
	0.000000000000000e+00
	0.000000000000000e+00
	1.228754169923491e-03

 514	3.042546637060031e-07
	0.000000000000000e+00
	0.000000000000000e+00
	0.000000000000000e+00
	0.000000000000000e+00
	-1.164128058977754e-03

 515	3.052546637060032e-07
	0.000000000000000e+00
	0.000000000000000e+00
	0.000000000000000e+00
	0.000000000000000e+00
	1.102767367141044e-03

 516	3.062546637060032e-07
	0.000000000000000e+00
	0.000000000000000e+00
	0.000000000000000e+00
	0.000000000000000e+00
	-1.043461561113915e-03

 517	3.072546637060032e-07
	0.000000000000000e+00
	0.000000000000000e+00
	0.000000000000000e+00
	0.000000000000000e+00
	9.872511352783005e-04

 518	3.082546637060032e-07
	0.000000000000000e+00
	0.000000000000000e+00
	0.000000000000000e+00
	0.000000000000000e+00
	-9.329615777526890e-04

 519	3.092546637060033e-07
	0.000000000000000e+00
	0.000000000000000e+00
	0.000000000000000e+00
	0.000000000000000e+00
	8.815896773684898e-04

 520	3.102546637060033e-07
	0.000000000000000e+00
	0.000000000000000e+00
	0.000000000000000e+00
	0.000000000000000e+00
	-8.319899741915798e-04

 521	3.112546637060033e-07
	0.000000000000000e+00
	0.000000000000000e+00
	0.000000000000000e+00
	0.000000000000000e+00
	7.851301746908471e-04

 522	3.122546637060033e-07
	0.000000000000000e+00
	0.000000000000000e+00
	0.000000000000000e+00
	0.000000000000000e+00
	-7.398876221823350e-04

 523	3.132546637060033e-07
	0.000000000000000e+00
	0.000000000000000e+00
	0.000000000000000e+00
	0.000000000000000e+00
	6.972120472236165e-04

 524	3.142546637060034e-07
	0.000000000000000e+00
	0.000000000000000e+00
	0.000000000000000e+00
	0.000000000000000e+00
	-6.559981611905172e-04

 525	3.152546637060034e-07
	0.000000000000000e+00
	0.000000000000000e+00
	0.000000000000000e+00
	0.000000000000000e+00
	6.171861275471452e-04

 526	3.162546637060034e-07
	0.000000000000000e+00
	0.000000000000000e+00
	0.000000000000000e+00
	0.000000000000000e+00
	-5.796834251491981e-04

 527	3.172546637060034e-07
	0.000000000000000e+00
	0.000000000000000e+00
	0.000000000000000e+00
	0.000000000000000e+00
	5.444269457233336e-04

 528	3.182546637060035e-07
	0.000000000000000e+00
	0.000000000000000e+00
	0.000000000000000e+00
	0.000000000000000e+00
	-5.103331255551999e-04

 529	3.192546637060035e-07
	0.000000000000000e+00
	0.000000000000000e+00
	0.000000000000000e+00
	0.000000000000000e+00
	4.783402264343962e-04

 530	3.200000000000000e-07
	0.000000000000000e+00
	0.000000000000000e+00
	0.000000000000000e+00
	0.000000000000000e+00
	-4.372060520944770e-04

