Title: segment_g
Date: Fri Apr 28 11:54:52  2017
Plotname: Transient Analysis
Flags: real
No. Variables: 6
No. Points: 568
Variables:
	0	time	time
	1	a	voltage
	2	b	voltage
	3	c	voltage
	4	d	voltage
	5	y	voltage
Values:
 0	0.000000000000000e+00
	3.300000000000000e+00
	3.300000000000000e+00
	3.300000000000000e+00
	3.300000000000000e+00
	1.049890192785361e-07

 1	1.000000000000000e-11
	3.267000000000000e+00
	3.267000000000000e+00
	3.267000000000000e+00
	3.267000000000000e+00
	-5.058102796670072e-04

 2	2.000000000000000e-11
	3.234000000000000e+00
	3.234000000000000e+00
	3.234000000000000e+00
	3.234000000000000e+00
	-6.385630132483278e-04

 3	4.000000000000000e-11
	3.168000000000000e+00
	3.168000000000000e+00
	3.168000000000000e+00
	3.168000000000000e+00
	-5.770369846238022e-04

 4	8.000000000000001e-11
	3.036000000000000e+00
	3.036000000000000e+00
	3.036000000000000e+00
	3.036000000000000e+00
	-1.540793776216853e-04

 5	1.600000000000000e-10
	2.772000000000000e+00
	2.772000000000000e+00
	2.772000000000000e+00
	2.772000000000000e+00
	-1.095308749827495e-04

 6	3.200000000000000e-10
	2.244000000000000e+00
	2.244000000000000e+00
	2.244000000000000e+00
	2.244000000000000e+00
	2.596506303487178e-04

 7	6.046693160989492e-10
	1.304591256873468e+00
	1.304591256873468e+00
	1.304591256873468e+00
	1.304591256873468e+00
	-6.060766847116025e-03

 8	8.717116475226012e-10
	4.233515631754163e-01
	4.233515631754163e-01
	4.233515631754163e-01
	4.233515631754163e-01
	2.736262329124437e+00

 9	1.000000000000000e-09
	0.000000000000000e+00
	0.000000000000000e+00
	0.000000000000000e+00
	0.000000000000000e+00
	3.477413902358745e+00

 10	1.025884879744297e-09
	0.000000000000000e+00
	0.000000000000000e+00
	0.000000000000000e+00
	0.000000000000000e+00
	3.378652184997063e+00

 11	1.077654639232891e-09
	0.000000000000000e+00
	0.000000000000000e+00
	0.000000000000000e+00
	0.000000000000000e+00
	3.291955594790203e+00

 12	1.181194158210079e-09
	0.000000000000000e+00
	0.000000000000000e+00
	0.000000000000000e+00
	0.000000000000000e+00
	3.304481084822589e+00

 13	1.388273196164454e-09
	0.000000000000000e+00
	0.000000000000000e+00
	0.000000000000000e+00
	0.000000000000000e+00
	3.296733361401261e+00

 14	1.644187008183938e-09
	0.000000000000000e+00
	0.000000000000000e+00
	0.000000000000000e+00
	0.000000000000000e+00
	3.302512885480758e+00

 15	2.156014632222905e-09
	0.000000000000000e+00
	0.000000000000000e+00
	0.000000000000000e+00
	0.000000000000000e+00
	3.297795822006396e+00

 16	3.156014632222905e-09
	0.000000000000000e+00
	0.000000000000000e+00
	0.000000000000000e+00
	0.000000000000000e+00
	3.302060292593539e+00

 17	4.156014632222905e-09
	0.000000000000000e+00
	0.000000000000000e+00
	0.000000000000000e+00
	0.000000000000000e+00
	3.298074010930366e+00

 18	5.156014632222905e-09
	0.000000000000000e+00
	0.000000000000000e+00
	0.000000000000000e+00
	0.000000000000000e+00
	3.301799579347687e+00

 19	6.156014632222905e-09
	0.000000000000000e+00
	0.000000000000000e+00
	0.000000000000000e+00
	0.000000000000000e+00
	3.298318188986069e+00

 20	7.156014632222905e-09
	0.000000000000000e+00
	0.000000000000000e+00
	0.000000000000000e+00
	0.000000000000000e+00
	3.301570890470970e+00

 21	8.156014632222905e-09
	0.000000000000000e+00
	0.000000000000000e+00
	0.000000000000000e+00
	0.000000000000000e+00
	3.298532324184819e+00

 22	9.156014632222906e-09
	0.000000000000000e+00
	0.000000000000000e+00
	0.000000000000000e+00
	0.000000000000000e+00
	3.301370410364250e+00

 23	1.015601463222291e-08
	0.000000000000000e+00
	0.000000000000000e+00
	0.000000000000000e+00
	0.000000000000000e+00
	3.298720000881522e+00

 24	1.115601463222291e-08
	0.000000000000000e+00
	0.000000000000000e+00
	0.000000000000000e+00
	0.000000000000000e+00
	3.301194747745203e+00

 25	1.215601463222291e-08
	0.000000000000000e+00
	0.000000000000000e+00
	0.000000000000000e+00
	0.000000000000000e+00
	3.298884412038213e+00

 26	1.315601463222291e-08
	0.000000000000000e+00
	0.000000000000000e+00
	0.000000000000000e+00
	0.000000000000000e+00
	3.301040892470295e+00

 27	1.415601463222291e-08
	0.000000000000000e+00
	0.000000000000000e+00
	0.000000000000000e+00
	0.000000000000000e+00
	3.299028389562477e+00

 28	1.515601463222291e-08
	0.000000000000000e+00
	0.000000000000000e+00
	0.000000000000000e+00
	0.000000000000000e+00
	3.300906179915348e+00

 29	1.615601463222291e-08
	0.000000000000000e+00
	0.000000000000000e+00
	0.000000000000000e+00
	0.000000000000000e+00
	3.299154437692857e+00

 30	1.715601463222291e-08
	0.000000000000000e+00
	0.000000000000000e+00
	0.000000000000000e+00
	0.000000000000000e+00
	3.300788256961398e+00

 31	1.815601463222291e-08
	0.000000000000000e+00
	0.000000000000000e+00
	0.000000000000000e+00
	0.000000000000000e+00
	3.299264765776687e+00

 32	1.900000000000000e-08
	0.000000000000000e+00
	0.000000000000000e+00
	0.000000000000000e+00
	0.000000000000000e+00
	3.300676157924541e+00

 33	1.910000000000000e-08
	0.000000000000000e+00
	0.000000000000000e+00
	0.000000000000000e+00
	3.300000000000030e-01
	3.300125800303158e+00

 34	1.930000000000000e-08
	0.000000000000000e+00
	0.000000000000000e+00
	0.000000000000000e+00
	9.899999999999980e-01
	3.299881506713275e+00

 35	1.956983674504380e-08
	0.000000000000000e+00
	0.000000000000000e+00
	0.000000000000000e+00
	1.880461258644550e+00
	3.299967247289935e+00

 36	1.982236506827896e-08
	0.000000000000000e+00
	0.000000000000000e+00
	0.000000000000000e+00
	2.713804725320573e+00
	3.300169712738481e+00

 37	2.000000000000000e-08
	0.000000000000000e+00
	0.000000000000000e+00
	0.000000000000000e+00
	3.300000000000000e+00
	3.299913976437074e+00

 38	2.002913383157538e-08
	0.000000000000000e+00
	0.000000000000000e+00
	0.000000000000000e+00
	3.300000000000000e+00
	3.299878064797715e+00

 39	2.008740149472615e-08
	0.000000000000000e+00
	0.000000000000000e+00
	0.000000000000000e+00
	3.300000000000000e+00
	3.299970456986195e+00

 40	2.020393682102768e-08
	0.000000000000000e+00
	0.000000000000000e+00
	0.000000000000000e+00
	3.300000000000000e+00
	3.300048812220115e+00

 41	2.043700747363075e-08
	0.000000000000000e+00
	0.000000000000000e+00
	0.000000000000000e+00
	3.300000000000000e+00
	3.299959107611196e+00

 42	2.090314877883688e-08
	0.000000000000000e+00
	0.000000000000000e+00
	0.000000000000000e+00
	3.300000000000000e+00
	3.300036723239411e+00

 43	2.183543138924914e-08
	0.000000000000000e+00
	0.000000000000000e+00
	0.000000000000000e+00
	3.300000000000000e+00
	3.299965238665954e+00

 44	2.283543138924914e-08
	0.000000000000000e+00
	0.000000000000000e+00
	0.000000000000000e+00
	3.300000000000000e+00
	3.300032613547279e+00

 45	2.383543138924914e-08
	0.000000000000000e+00
	0.000000000000000e+00
	0.000000000000000e+00
	3.300000000000000e+00
	3.299969037237489e+00

 46	2.483543138924914e-08
	0.000000000000000e+00
	0.000000000000000e+00
	0.000000000000000e+00
	3.300000000000000e+00
	3.300028892705569e+00

 47	2.583543138924914e-08
	0.000000000000000e+00
	0.000000000000000e+00
	0.000000000000000e+00
	3.300000000000000e+00
	3.299972629267443e+00

 48	2.683543138924914e-08
	0.000000000000000e+00
	0.000000000000000e+00
	0.000000000000000e+00
	3.300000000000000e+00
	3.300025424751530e+00

 49	2.783543138924914e-08
	0.000000000000000e+00
	0.000000000000000e+00
	0.000000000000000e+00
	3.300000000000000e+00
	3.299975956414759e+00

 50	2.883543138924914e-08
	0.000000000000000e+00
	0.000000000000000e+00
	0.000000000000000e+00
	3.300000000000000e+00
	3.300022238319523e+00

 51	2.983543138924914e-08
	0.000000000000000e+00
	0.000000000000000e+00
	0.000000000000000e+00
	3.300000000000000e+00
	3.299978995923174e+00

 52	3.083543138924914e-08
	0.000000000000000e+00
	0.000000000000000e+00
	0.000000000000000e+00
	3.300000000000000e+00
	3.300019344448426e+00

 53	3.183543138924914e-08
	0.000000000000000e+00
	0.000000000000000e+00
	0.000000000000000e+00
	3.300000000000000e+00
	3.299981743184822e+00

 54	3.283543138924914e-08
	0.000000000000000e+00
	0.000000000000000e+00
	0.000000000000000e+00
	3.300000000000000e+00
	3.300016740903364e+00

 55	3.383543138924915e-08
	0.000000000000000e+00
	0.000000000000000e+00
	0.000000000000000e+00
	3.300000000000000e+00
	3.299984205022468e+00

 56	3.483543138924915e-08
	0.000000000000000e+00
	0.000000000000000e+00
	0.000000000000000e+00
	3.300000000000000e+00
	3.300014416674075e+00

 57	3.583543138924915e-08
	0.000000000000000e+00
	0.000000000000000e+00
	0.000000000000000e+00
	3.300000000000000e+00
	3.299986395380035e+00

 58	3.683543138924915e-08
	0.000000000000000e+00
	0.000000000000000e+00
	0.000000000000000e+00
	3.300000000000000e+00
	3.300012355352339e+00

 59	3.783543138924916e-08
	0.000000000000000e+00
	0.000000000000000e+00
	0.000000000000000e+00
	3.300000000000000e+00
	3.299988307349125e+00

 60	3.883543138924916e-08
	0.000000000000000e+00
	0.000000000000000e+00
	0.000000000000000e+00
	3.300000000000000e+00
	3.300010535527504e+00

 61	3.900000000000001e-08
	0.000000000000000e+00
	0.000000000000000e+00
	0.000000000000000e+00
	3.300000000000000e+00
	3.299993475960548e+00

 62	3.907258764967113e-08
	0.000000000000000e+00
	0.000000000000000e+00
	2.395392439147224e-01
	3.300000000000000e+00
	3.300049677971185e+00

 63	3.921776294901339e-08
	0.000000000000000e+00
	0.000000000000000e+00
	7.186177317441673e-01
	3.300000000000000e+00
	3.299906532917134e+00

 64	3.950811354769789e-08
	0.000000000000000e+00
	0.000000000000000e+00
	1.676774707403035e+00
	3.300000000000000e+00
	3.300521665446297e+00

 65	3.979365973439127e-08
	0.000000000000000e+00
	0.000000000000000e+00
	2.619077123491172e+00
	3.300000000000000e+00
	4.938525546615893e-01

 66	4.000000000000000e-08
	0.000000000000000e+00
	0.000000000000000e+00
	3.299999999999986e+00
	3.300000000000000e+00
	-9.847407026153537e-02

 67	4.002644311012288e-08
	0.000000000000000e+00
	0.000000000000000e+00
	3.300000000000000e+00
	3.212737736594514e+00
	-3.464315526813111e-02

 68	4.007932933036862e-08
	0.000000000000000e+00
	0.000000000000000e+00
	3.300000000000000e+00
	3.038213209783542e+00
	5.241331043939396e-03

 69	4.018510177086013e-08
	0.000000000000000e+00
	0.000000000000000e+00
	3.300000000000000e+00
	2.689164156161576e+00
	-4.121668977696863e-03

 70	4.039664665184313e-08
	0.000000000000000e+00
	0.000000000000000e+00
	3.300000000000000e+00
	1.991066048917667e+00
	3.447568355257072e-03

 71	4.066496089412034e-08
	0.000000000000000e+00
	0.000000000000000e+00
	3.300000000000000e+00
	1.105629049402891e+00
	-2.779023934739638e-03

 72	4.091238754900105e-08
	0.000000000000000e+00
	0.000000000000000e+00
	3.300000000000000e+00
	2.891210882965489e-01
	2.154897615716703e-03

 73	4.100000000000000e-08
	0.000000000000000e+00
	0.000000000000000e+00
	3.300000000000000e+00
	0.000000000000000e+00
	-1.396378656010222e-03

 74	4.102887115377119e-08
	0.000000000000000e+00
	0.000000000000000e+00
	3.300000000000000e+00
	0.000000000000000e+00
	-1.851556305820790e-05

 75	4.108661346131357e-08
	0.000000000000000e+00
	0.000000000000000e+00
	3.300000000000000e+00
	0.000000000000000e+00
	2.287391778073300e-04

 76	4.120209807639831e-08
	0.000000000000000e+00
	0.000000000000000e+00
	3.300000000000000e+00
	0.000000000000000e+00
	-1.840288457644612e-04

 77	4.143306730656781e-08
	0.000000000000000e+00
	0.000000000000000e+00
	3.300000000000000e+00
	0.000000000000000e+00
	1.643259511151934e-04

 78	4.189500576690680e-08
	0.000000000000000e+00
	0.000000000000000e+00
	3.300000000000000e+00
	0.000000000000000e+00
	-1.538675128579525e-04

 79	4.281888268758480e-08
	0.000000000000000e+00
	0.000000000000000e+00
	3.300000000000000e+00
	0.000000000000000e+00
	1.490737665294749e-04

 80	4.381888268758480e-08
	0.000000000000000e+00
	0.000000000000000e+00
	3.300000000000000e+00
	0.000000000000000e+00
	-1.443036301831020e-04

 81	4.481888268758480e-08
	0.000000000000000e+00
	0.000000000000000e+00
	3.300000000000000e+00
	0.000000000000000e+00
	1.400532728663417e-04

 82	4.581888268758480e-08
	0.000000000000000e+00
	0.000000000000000e+00
	3.300000000000000e+00
	0.000000000000000e+00
	-1.354603522728606e-04

 83	4.681888268758480e-08
	0.000000000000000e+00
	0.000000000000000e+00
	3.300000000000000e+00
	0.000000000000000e+00
	1.313984073089067e-04

 84	4.781888268758481e-08
	0.000000000000000e+00
	0.000000000000000e+00
	3.300000000000000e+00
	0.000000000000000e+00
	-1.270045244814444e-04

 85	4.881888268758481e-08
	0.000000000000000e+00
	0.000000000000000e+00
	3.300000000000000e+00
	0.000000000000000e+00
	1.231476515535616e-04

 86	4.981888268758481e-08
	0.000000000000000e+00
	0.000000000000000e+00
	3.300000000000000e+00
	0.000000000000000e+00
	-1.189650011321035e-04

 87	5.081888268758481e-08
	0.000000000000000e+00
	0.000000000000000e+00
	3.300000000000000e+00
	0.000000000000000e+00
	1.153218135377179e-04

 88	5.181888268758482e-08
	0.000000000000000e+00
	0.000000000000000e+00
	3.300000000000000e+00
	0.000000000000000e+00
	-1.113558393732797e-04

 89	5.281888268758482e-08
	0.000000000000000e+00
	0.000000000000000e+00
	3.300000000000000e+00
	0.000000000000000e+00
	1.079292557623901e-04

 90	5.381888268758482e-08
	0.000000000000000e+00
	0.000000000000000e+00
	3.300000000000000e+00
	0.000000000000000e+00
	-1.041805932130019e-04

 91	5.481888268758482e-08
	0.000000000000000e+00
	0.000000000000000e+00
	3.300000000000000e+00
	0.000000000000000e+00
	1.009694551045749e-04

 92	5.581888268758483e-08
	0.000000000000000e+00
	0.000000000000000e+00
	3.300000000000000e+00
	0.000000000000000e+00
	-9.743529000081838e-05

 93	5.681888268758483e-08
	0.000000000000000e+00
	0.000000000000000e+00
	3.300000000000000e+00
	0.000000000000000e+00
	9.443551217104204e-05

 94	5.781888268758483e-08
	0.000000000000000e+00
	0.000000000000000e+00
	3.300000000000000e+00
	0.000000000000000e+00
	-9.111056142067572e-05

 95	5.881888268758483e-08
	0.000000000000000e+00
	0.000000000000000e+00
	3.300000000000000e+00
	0.000000000000000e+00
	8.831597359771140e-05

 96	5.900000000000001e-08
	0.000000000000000e+00
	0.000000000000000e+00
	3.300000000000000e+00
	1.091878408569997e-14
	-7.313757442325985e-05

 97	5.907197815803474e-08
	0.000000000000000e+00
	0.000000000000000e+00
	3.300000000000000e+00
	2.375279215146437e-01
	1.080972549793863e-04

 98	5.921593447410422e-08
	0.000000000000000e+00
	0.000000000000000e+00
	3.300000000000000e+00
	7.125837645439094e-01
	-4.823144870301499e-05

 99	5.950384710624317e-08
	0.000000000000000e+00
	0.000000000000000e+00
	3.300000000000000e+00
	1.662695450602462e+00
	-2.832108281924928e-05

 100	5.984248077019742e-08
	0.000000000000000e+00
	0.000000000000000e+00
	3.300000000000000e+00
	2.780186541651475e+00
	5.976788752622836e-05

 101	6.000000000000001e-08
	0.000000000000000e+00
	0.000000000000000e+00
	3.300000000000000e+00
	3.300000000000000e+00
	1.480132138614726e-04

 102	6.003816131574442e-08
	0.000000000000000e+00
	0.000000000000000e+00
	3.300000000000000e+00
	3.300000000000000e+00
	-2.105852077715908e-04

 103	6.011448394723325e-08
	0.000000000000000e+00
	0.000000000000000e+00
	3.300000000000000e+00
	3.300000000000000e+00
	-1.842438911444644e-04

 104	6.026712921021090e-08
	0.000000000000000e+00
	0.000000000000000e+00
	3.300000000000000e+00
	3.300000000000000e+00
	1.621636205754312e-04

 105	6.056976180831514e-08
	0.000000000000000e+00
	0.000000000000000e+00
	3.300000000000000e+00
	3.300000000000000e+00
	-1.400061840946820e-04

 106	6.093665653447228e-08
	0.000000000000000e+00
	0.000000000000000e+00
	3.300000000000000e+00
	3.300000000000000e+00
	1.207424778675512e-04

 107	6.167044598678656e-08
	0.000000000000000e+00
	0.000000000000000e+00
	3.300000000000000e+00
	3.300000000000000e+00
	-1.107257833666969e-04

 108	6.267044598678656e-08
	0.000000000000000e+00
	0.000000000000000e+00
	3.300000000000000e+00
	3.300000000000000e+00
	1.038680606650390e-04

 109	6.367044598678655e-08
	0.000000000000000e+00
	0.000000000000000e+00
	3.300000000000000e+00
	3.300000000000000e+00
	-9.671447176800435e-05

 110	6.467044598678655e-08
	0.000000000000000e+00
	0.000000000000000e+00
	3.300000000000000e+00
	3.300000000000000e+00
	9.016613829924969e-05

 111	6.567044598678655e-08
	0.000000000000000e+00
	0.000000000000000e+00
	3.300000000000000e+00
	3.300000000000000e+00
	-8.338069593642403e-05

 112	6.667044598678654e-08
	0.000000000000000e+00
	0.000000000000000e+00
	3.300000000000000e+00
	3.300000000000000e+00
	7.724538886106844e-05

 113	6.767044598678654e-08
	0.000000000000000e+00
	0.000000000000000e+00
	3.300000000000000e+00
	3.300000000000000e+00
	-7.091063919186305e-05

 114	6.867044598678653e-08
	0.000000000000000e+00
	0.000000000000000e+00
	3.300000000000000e+00
	3.300000000000000e+00
	6.525243285922244e-05

 115	6.967044598678653e-08
	0.000000000000000e+00
	0.000000000000000e+00
	3.300000000000000e+00
	3.300000000000000e+00
	-5.941602146054131e-05

 116	7.067044598678652e-08
	0.000000000000000e+00
	0.000000000000000e+00
	3.300000000000000e+00
	3.300000000000000e+00
	5.426836649175329e-05

 117	7.167044598678652e-08
	0.000000000000000e+00
	0.000000000000000e+00
	3.300000000000000e+00
	3.300000000000000e+00
	-4.895133880456273e-05

 118	7.267044598678652e-08
	0.000000000000000e+00
	0.000000000000000e+00
	3.300000000000000e+00
	3.300000000000000e+00
	4.432467252471484e-05

 119	7.367044598678651e-08
	0.000000000000000e+00
	0.000000000000000e+00
	3.300000000000000e+00
	3.300000000000000e+00
	-3.952816788465457e-05

 120	7.467044598678651e-08
	0.000000000000000e+00
	0.000000000000000e+00
	3.300000000000000e+00
	3.300000000000000e+00
	3.541588685654698e-05

 121	7.567044598678650e-08
	0.000000000000000e+00
	0.000000000000000e+00
	3.300000000000000e+00
	3.300000000000000e+00
	-3.112663969022031e-05

 122	7.667044598678650e-08
	0.000000000000000e+00
	0.000000000000000e+00
	3.300000000000000e+00
	3.300000000000000e+00
	2.751005607673843e-05

 123	7.767044598678649e-08
	0.000000000000000e+00
	0.000000000000000e+00
	3.300000000000000e+00
	3.300000000000000e+00
	-2.370478632460898e-05

 124	7.867044598678649e-08
	0.000000000000000e+00
	0.000000000000000e+00
	3.300000000000000e+00
	3.300000000000000e+00
	2.055702909705900e-05

 125	7.900000000000001e-08
	0.000000000000000e+00
	0.000000000000000e+00
	3.300000000000000e+00
	3.300000000000000e+00
	-1.145345393992886e-05

 126	7.910000000000000e-08
	0.000000000000000e+00
	3.299999999999811e-01
	3.300000000000000e+00
	3.300000000000000e+00
	1.808519721109708e-04

 127	7.930000000000000e-08
	0.000000000000000e+00
	9.899999999999870e-01
	3.300000000000000e+00
	3.300000000000000e+00
	-6.765426445585462e-03

 128	7.934260654266288e-08
	0.000000000000000e+00
	1.130601590787480e+00
	3.300000000000000e+00
	3.300000000000000e+00
	-1.105972927342982e-02

 129	7.942781962798862e-08
	0.000000000000000e+00
	1.411804772362424e+00
	3.300000000000000e+00
	3.300000000000000e+00
	1.015936481360361e-02

 130	7.957495081764956e-08
	0.000000000000000e+00
	1.897337698243527e+00
	3.300000000000000e+00
	3.300000000000000e+00
	1.076571969373987e+00

 131	7.972132859489006e-08
	0.000000000000000e+00
	2.380384363137180e+00
	3.300000000000000e+00
	3.300000000000000e+00
	3.039118985231947e+00

 132	7.985189600569342e-08
	0.000000000000000e+00
	2.811256818788279e+00
	3.300000000000000e+00
	3.300000000000000e+00
	3.415376163663284e+00

 133	7.999120181125486e-08
	0.000000000000000e+00
	3.270965977141031e+00
	3.300000000000000e+00
	3.300000000000000e+00
	3.230642916629666e+00

 134	8.000000000000000e-08
	0.000000000000000e+00
	3.300000000000000e+00
	3.300000000000000e+00
	3.300000000000000e+00
	3.258704756361996e+00

 135	8.001759637749028e-08
	0.000000000000000e+00
	3.300000000000000e+00
	3.241931954282090e+00
	3.241931954282090e+00
	3.278276207839438e+00

 136	8.005278913247083e-08
	0.000000000000000e+00
	3.300000000000000e+00
	3.125795862846271e+00
	3.125795862846271e+00
	3.298672668931372e+00

 137	8.011311602918653e-08
	0.000000000000000e+00
	3.300000000000000e+00
	2.926717103684468e+00
	2.926717103684468e+00
	3.300077876744061e+00

 138	8.023376982261791e-08
	0.000000000000000e+00
	3.300000000000000e+00
	2.528559585360906e+00
	2.528559585360906e+00
	3.301257365913322e+00

 139	8.047507740948067e-08
	0.000000000000000e+00
	3.300000000000000e+00
	1.732244548713783e+00
	1.732244548713783e+00
	3.306603026647497e+00

 140	8.070204977118383e-08
	0.000000000000000e+00
	3.300000000000000e+00
	9.832357550933679e-01
	9.832357550933679e-01
	5.332044347567138e-01

 141	8.087846390097929e-08
	0.000000000000000e+00
	3.300000000000000e+00
	4.010691267683559e-01
	4.010691267683559e-01
	-2.157936951289748e-01

 142	8.100000000000000e-08
	0.000000000000000e+00
	3.300000000000000e+00
	1.421085471520200e-14
	1.421085471520200e-14
	1.160052776432858e-01

 143	8.101883393337145e-08
	0.000000000000000e+00
	3.300000000000000e+00
	0.000000000000000e+00
	0.000000000000000e+00
	5.157395516909274e-02

 144	8.105650180011436e-08
	0.000000000000000e+00
	3.300000000000000e+00
	0.000000000000000e+00
	0.000000000000000e+00
	-2.576098412383987e-03

 145	8.113183753360019e-08
	0.000000000000000e+00
	3.300000000000000e+00
	0.000000000000000e+00
	0.000000000000000e+00
	2.385848858120154e-03

 146	8.128250900057185e-08
	0.000000000000000e+00
	3.300000000000000e+00
	0.000000000000000e+00
	0.000000000000000e+00
	-1.945984812222190e-03

 147	8.152049181314026e-08
	0.000000000000000e+00
	3.300000000000000e+00
	0.000000000000000e+00
	0.000000000000000e+00
	1.689598648130106e-03

 148	8.199645743827709e-08
	0.000000000000000e+00
	3.300000000000000e+00
	0.000000000000000e+00
	0.000000000000000e+00
	-1.574031837334927e-03

 149	8.294838868855075e-08
	0.000000000000000e+00
	3.300000000000000e+00
	0.000000000000000e+00
	0.000000000000000e+00
	1.520254517105243e-03

 150	8.394838868855075e-08
	0.000000000000000e+00
	3.300000000000000e+00
	0.000000000000000e+00
	0.000000000000000e+00
	-1.470175195520465e-03

 151	8.494838868855075e-08
	0.000000000000000e+00
	3.300000000000000e+00
	0.000000000000000e+00
	0.000000000000000e+00
	1.422726237318369e-03

 152	8.594838868855074e-08
	0.000000000000000e+00
	3.300000000000000e+00
	0.000000000000000e+00
	0.000000000000000e+00
	-1.376275447054896e-03

 153	8.694838868855074e-08
	0.000000000000000e+00
	3.300000000000000e+00
	0.000000000000000e+00
	0.000000000000000e+00
	1.332301570655468e-03

 154	8.794838868855073e-08
	0.000000000000000e+00
	3.300000000000000e+00
	0.000000000000000e+00
	0.000000000000000e+00
	-1.289266482548294e-03

 155	8.894838868855073e-08
	0.000000000000000e+00
	3.300000000000000e+00
	0.000000000000000e+00
	0.000000000000000e+00
	1.248562547415011e-03

 156	8.994838868855072e-08
	0.000000000000000e+00
	3.300000000000000e+00
	0.000000000000000e+00
	0.000000000000000e+00
	-1.208732055480936e-03

 157	9.094838868855072e-08
	0.000000000000000e+00
	3.300000000000000e+00
	0.000000000000000e+00
	0.000000000000000e+00
	1.171094468187504e-03

 158	9.194838868855072e-08
	0.000000000000000e+00
	3.300000000000000e+00
	0.000000000000000e+00
	0.000000000000000e+00
	-1.134261109674357e-03

 159	9.294838868855071e-08
	0.000000000000000e+00
	3.300000000000000e+00
	0.000000000000000e+00
	0.000000000000000e+00
	1.099489852817208e-03

 160	9.394838868855071e-08
	0.000000000000000e+00
	3.300000000000000e+00
	0.000000000000000e+00
	0.000000000000000e+00
	-1.065451584768139e-03

 161	9.494838868855070e-08
	0.000000000000000e+00
	3.300000000000000e+00
	0.000000000000000e+00
	0.000000000000000e+00
	1.033352059035222e-03

 162	9.594838868855070e-08
	0.000000000000000e+00
	3.300000000000000e+00
	0.000000000000000e+00
	0.000000000000000e+00
	-1.001913779251087e-03

 163	9.694838868855069e-08
	0.000000000000000e+00
	3.300000000000000e+00
	0.000000000000000e+00
	0.000000000000000e+00
	9.722982962275840e-04

 164	9.794838868855069e-08
	0.000000000000000e+00
	3.300000000000000e+00
	0.000000000000000e+00
	0.000000000000000e+00
	-9.432730181175956e-04

 165	9.894838868855069e-08
	0.000000000000000e+00
	3.300000000000000e+00
	0.000000000000000e+00
	0.000000000000000e+00
	9.159619142569408e-04

 166	9.900000000000000e-08
	0.000000000000000e+00
	3.300000000000000e+00
	0.000000000000000e+00
	0.000000000000000e+00
	-5.330903257522168e-04

 167	9.904189895260428e-08
	0.000000000000000e+00
	3.300000000000000e+00
	0.000000000000000e+00
	1.382665435941248e-01
	1.189636187054754e-04

 168	9.912569685781286e-08
	0.000000000000000e+00
	3.300000000000000e+00
	0.000000000000000e+00
	4.147996307824400e-01
	3.907354277224440e-05

 169	9.929329266823002e-08
	0.000000000000000e+00
	3.300000000000000e+00
	0.000000000000000e+00
	9.678658051590702e-01
	-1.219318996989877e-04

 170	9.955526901897355e-08
	0.000000000000000e+00
	3.300000000000000e+00
	0.000000000000000e+00
	1.832387762612721e+00
	-2.763278988526796e-05

 171	9.980426481989780e-08
	0.000000000000000e+00
	3.300000000000000e+00
	0.000000000000000e+00
	2.654073905662729e+00
	1.822436560470070e-04

 172	1.000000000000000e-07
	0.000000000000000e+00
	3.300000000000000e+00
	0.000000000000000e+00
	3.299999999999975e+00
	1.577229434319982e-05

 173	1.000316617937998e-07
	0.000000000000000e+00
	3.300000000000000e+00
	0.000000000000000e+00
	3.300000000000000e+00
	-2.594254375926364e-04

 174	1.000949853813994e-07
	0.000000000000000e+00
	3.300000000000000e+00
	0.000000000000000e+00
	3.300000000000000e+00
	-2.059628731589658e-04

 175	1.002216325565987e-07
	0.000000000000000e+00
	3.300000000000000e+00
	0.000000000000000e+00
	3.300000000000000e+00
	1.298157872327566e-04

 176	1.004749269069971e-07
	0.000000000000000e+00
	3.300000000000000e+00
	0.000000000000000e+00
	3.300000000000000e+00
	-9.920713325829722e-05

 177	1.009815156077941e-07
	0.000000000000000e+00
	3.300000000000000e+00
	0.000000000000000e+00
	3.300000000000000e+00
	8.658588044472421e-05

 178	1.019815156077941e-07
	0.000000000000000e+00
	3.300000000000000e+00
	0.000000000000000e+00
	3.300000000000000e+00
	-8.016509676879099e-05

 179	1.029815156077941e-07
	0.000000000000000e+00
	3.300000000000000e+00
	0.000000000000000e+00
	3.300000000000000e+00
	7.458744109025556e-05

 180	1.039815156077941e-07
	0.000000000000000e+00
	3.300000000000000e+00
	0.000000000000000e+00
	3.300000000000000e+00
	-6.881494889443909e-05

 181	1.049815156077941e-07
	0.000000000000000e+00
	3.300000000000000e+00
	0.000000000000000e+00
	3.300000000000000e+00
	6.379426737700492e-05

 182	1.059815156077941e-07
	0.000000000000000e+00
	3.300000000000000e+00
	0.000000000000000e+00
	3.300000000000000e+00
	-5.860001398834414e-05

 183	1.069815156077941e-07
	0.000000000000000e+00
	3.300000000000000e+00
	0.000000000000000e+00
	3.300000000000000e+00
	5.412339486425555e-05

 184	1.079815156077941e-07
	0.000000000000000e+00
	3.300000000000000e+00
	0.000000000000000e+00
	3.300000000000000e+00
	-4.946969834930884e-05

 185	1.089815156077941e-07
	0.000000000000000e+00
	3.300000000000000e+00
	0.000000000000000e+00
	3.300000000000000e+00
	4.550913861789060e-05

 186	1.099815156077940e-07
	0.000000000000000e+00
	3.300000000000000e+00
	0.000000000000000e+00
	3.300000000000000e+00
	-4.136032250133190e-05

 187	1.109815156077940e-07
	0.000000000000000e+00
	3.300000000000000e+00
	0.000000000000000e+00
	3.300000000000000e+00
	3.788258028394539e-05

 188	1.119815156077940e-07
	0.000000000000000e+00
	3.300000000000000e+00
	0.000000000000000e+00
	3.300000000000000e+00
	-3.420189387402447e-05

 189	1.129815156077940e-07
	0.000000000000000e+00
	3.300000000000000e+00
	0.000000000000000e+00
	3.300000000000000e+00
	3.117109051030409e-05

 190	1.139815156077940e-07
	0.000000000000000e+00
	3.300000000000000e+00
	0.000000000000000e+00
	3.300000000000000e+00
	-2.792100002927539e-05

 191	1.149815156077940e-07
	0.000000000000000e+00
	3.300000000000000e+00
	0.000000000000000e+00
	3.300000000000000e+00
	2.530018048088264e-05

 192	1.159815156077940e-07
	0.000000000000000e+00
	3.300000000000000e+00
	0.000000000000000e+00
	3.300000000000000e+00
	-2.244308520044092e-05

 193	1.169815156077940e-07
	0.000000000000000e+00
	3.300000000000000e+00
	0.000000000000000e+00
	3.300000000000000e+00
	2.019532435705573e-05

 194	1.179815156077940e-07
	0.000000000000000e+00
	3.300000000000000e+00
	0.000000000000000e+00
	3.300000000000000e+00
	-1.769430327601407e-05

 195	1.189815156077940e-07
	0.000000000000000e+00
	3.300000000000000e+00
	0.000000000000000e+00
	3.300000000000000e+00
	1.578353771697003e-05

 196	1.190000000000000e-07
	0.000000000000000e+00
	3.300000000000000e+00
	0.000000000000000e+00
	3.300000000000000e+00
	1.458187021358137e-05

 197	1.190369687844120e-07
	0.000000000000000e+00
	3.300000000000000e+00
	1.219969885594427e-01
	3.300000000000000e+00
	2.534186834399765e-04

 198	1.191109063532359e-07
	0.000000000000000e+00
	3.300000000000000e+00
	3.659909656784155e-01
	3.300000000000000e+00
	1.208943148419683e-04

 199	1.192378085808466e-07
	0.000000000000000e+00
	3.300000000000000e+00
	7.847683167938900e-01
	3.300000000000000e+00
	-2.821687296286346e-04

 200	1.194056778133426e-07
	0.000000000000000e+00
	3.300000000000000e+00
	1.338736784030577e+00
	3.300000000000000e+00
	2.452097845669521e-03

 201	1.195804535005900e-07
	0.000000000000000e+00
	3.300000000000000e+00
	1.915496551946994e+00
	3.300000000000000e+00
	1.795085711567990e+00

 202	1.197535135128137e-07
	0.000000000000000e+00
	3.300000000000000e+00
	2.486594592285055e+00
	3.300000000000000e+00
	3.340018958909159e+00

 203	1.199044071865885e-07
	0.000000000000000e+00
	3.300000000000000e+00
	2.984543715742118e+00
	3.300000000000000e+00
	3.275343598790090e+00

 204	1.200000000000000e-07
	0.000000000000000e+00
	3.300000000000000e+00
	3.299999999999942e+00
	3.300000000000000e+00
	3.310980690825336e+00

 205	1.200163983881262e-07
	0.000000000000000e+00
	3.300000000000000e+00
	3.300000000000000e+00
	3.245885319183456e+00
	3.304724452116110e+00

 206	1.200491951643787e-07
	0.000000000000000e+00
	3.300000000000000e+00
	3.300000000000000e+00
	3.137655957550193e+00
	3.299442493419533e+00

 207	1.201147887168838e-07
	0.000000000000000e+00
	3.300000000000000e+00
	3.300000000000000e+00
	2.921197234283667e+00
	3.300176594664024e+00

 208	1.202459758218938e-07
	0.000000000000000e+00
	3.300000000000000e+00
	3.300000000000000e+00
	2.488279787750614e+00
	3.300640017723326e+00

 209	1.205083500319138e-07
	0.000000000000000e+00
	3.300000000000000e+00
	3.300000000000000e+00
	1.622444894684508e+00
	3.303433173200642e+00

 210	1.207750461725412e-07
	0.000000000000000e+00
	3.300000000000000e+00
	3.300000000000000e+00
	7.423476306140171e-01
	2.021335611923178e+00

 211	1.210000000000000e-07
	0.000000000000000e+00
	3.300000000000000e+00
	3.300000000000000e+00
	1.016964290556643e-13
	1.217295714937213e-01

 212	1.210271936859423e-07
	0.000000000000000e+00
	3.300000000000000e+00
	3.300000000000000e+00
	0.000000000000000e+00
	5.603618476850128e-02

 213	1.210815810578270e-07
	0.000000000000000e+00
	3.300000000000000e+00
	3.300000000000000e+00
	0.000000000000000e+00
	-6.656099171456487e-05

 214	1.211903558015963e-07
	0.000000000000000e+00
	3.300000000000000e+00
	3.300000000000000e+00
	0.000000000000000e+00
	3.280067718887669e-03

 215	1.214079052891350e-07
	0.000000000000000e+00
	3.300000000000000e+00
	3.300000000000000e+00
	0.000000000000000e+00
	-2.465559480415977e-03

 216	1.216374435092052e-07
	0.000000000000000e+00
	3.300000000000000e+00
	3.300000000000000e+00
	0.000000000000000e+00
	2.009252439990353e-03

 217	1.220965199493456e-07
	0.000000000000000e+00
	3.300000000000000e+00
	3.300000000000000e+00
	0.000000000000000e+00
	-1.786079596410757e-03

 218	1.230146728296264e-07
	0.000000000000000e+00
	3.300000000000000e+00
	3.300000000000000e+00
	0.000000000000000e+00
	1.695006001413535e-03

 219	1.240146728296264e-07
	0.000000000000000e+00
	3.300000000000000e+00
	3.300000000000000e+00
	0.000000000000000e+00
	-1.610872501194169e-03

 220	1.250146728296264e-07
	0.000000000000000e+00
	3.300000000000000e+00
	3.300000000000000e+00
	0.000000000000000e+00
	1.533612957889476e-03

 221	1.260146728296264e-07
	0.000000000000000e+00
	3.300000000000000e+00
	3.300000000000000e+00
	0.000000000000000e+00
	-1.458892584648024e-03

 222	1.270146728296264e-07
	0.000000000000000e+00
	3.300000000000000e+00
	3.300000000000000e+00
	0.000000000000000e+00
	1.389339806824211e-03

 223	1.280146728296264e-07
	0.000000000000000e+00
	3.300000000000000e+00
	3.300000000000000e+00
	0.000000000000000e+00
	-1.322455180299085e-03

 224	1.290146728296264e-07
	0.000000000000000e+00
	3.300000000000000e+00
	3.300000000000000e+00
	0.000000000000000e+00
	1.260012452528166e-03

 225	1.300146728296264e-07
	0.000000000000000e+00
	3.300000000000000e+00
	3.300000000000000e+00
	0.000000000000000e+00
	-1.200045393849519e-03

 226	1.310146728296264e-07
	0.000000000000000e+00
	3.300000000000000e+00
	3.300000000000000e+00
	0.000000000000000e+00
	1.144008177714650e-03

 227	1.320146728296264e-07
	0.000000000000000e+00
	3.300000000000000e+00
	3.300000000000000e+00
	0.000000000000000e+00
	-1.090192887585741e-03

 228	1.330146728296264e-07
	0.000000000000000e+00
	3.300000000000000e+00
	3.300000000000000e+00
	0.000000000000000e+00
	1.039890918054533e-03

 229	1.340146728296264e-07
	0.000000000000000e+00
	3.300000000000000e+00
	3.300000000000000e+00
	0.000000000000000e+00
	-9.915535829815685e-04

 230	1.350146728296264e-07
	0.000000000000000e+00
	3.300000000000000e+00
	3.300000000000000e+00
	0.000000000000000e+00
	9.463741848428665e-04

 231	1.360146728296264e-07
	0.000000000000000e+00
	3.300000000000000e+00
	3.300000000000000e+00
	0.000000000000000e+00
	-9.029162559383887e-04

 232	1.370146728296264e-07
	0.000000000000000e+00
	3.300000000000000e+00
	3.300000000000000e+00
	0.000000000000000e+00
	8.623074369758926e-04

 233	1.380146728296264e-07
	0.000000000000000e+00
	3.300000000000000e+00
	3.300000000000000e+00
	0.000000000000000e+00
	-8.231968070810114e-04

 234	1.390000000000000e-07
	0.000000000000000e+00
	3.300000000000000e+00
	3.300000000000000e+00
	0.000000000000000e+00
	7.861316978562093e-04

 235	1.391000000000000e-07
	0.000000000000000e+00
	3.300000000000000e+00
	3.300000000000000e+00
	3.300000000000139e-01
	2.352335137106032e-04

 236	1.393000000000000e-07
	0.000000000000000e+00
	3.300000000000000e+00
	3.300000000000000e+00
	9.899999999999760e-01
	-7.966271296892674e-03

 237	1.395103668223682e-07
	0.000000000000000e+00
	3.300000000000000e+00
	3.300000000000000e+00
	1.684210513815120e+00
	8.645906443767482e-01

 238	1.396976150266313e-07
	0.000000000000000e+00
	3.300000000000000e+00
	3.300000000000000e+00
	2.302129587883285e+00
	2.998967769529397e+00

 239	1.398485817721194e-07
	0.000000000000000e+00
	3.300000000000000e+00
	3.300000000000000e+00
	2.800319847993812e+00
	3.433882894895254e+00

 240	1.400000000000000e-07
	0.000000000000000e+00
	3.300000000000000e+00
	3.300000000000000e+00
	3.299999999999975e+00
	3.215475203986783e+00

 241	1.400157015412407e-07
	0.000000000000000e+00
	3.300000000000000e+00
	3.300000000000000e+00
	3.300000000000000e+00
	3.255899619286147e+00

 242	1.400471046237222e-07
	0.000000000000000e+00
	3.300000000000000e+00
	3.300000000000000e+00
	3.300000000000000e+00
	3.297484427387162e+00

 243	1.401099107886852e-07
	0.000000000000000e+00
	3.300000000000000e+00
	3.300000000000000e+00
	3.300000000000000e+00
	3.300532240173013e+00

 244	1.402355231186111e-07
	0.000000000000000e+00
	3.300000000000000e+00
	3.300000000000000e+00
	3.300000000000000e+00
	3.299760055260617e+00

 245	1.404751498132886e-07
	0.000000000000000e+00
	3.300000000000000e+00
	3.300000000000000e+00
	3.300000000000000e+00
	3.300149962427347e+00

 246	1.409544032026436e-07
	0.000000000000000e+00
	3.300000000000000e+00
	3.300000000000000e+00
	3.300000000000000e+00
	3.299883963250716e+00

 247	1.419129099813535e-07
	0.000000000000000e+00
	3.300000000000000e+00
	3.300000000000000e+00
	3.300000000000000e+00
	3.300100994824937e+00

 248	1.429129099813535e-07
	0.000000000000000e+00
	3.300000000000000e+00
	3.300000000000000e+00
	3.300000000000000e+00
	3.299912048594712e+00

 249	1.439129099813535e-07
	0.000000000000000e+00
	3.300000000000000e+00
	3.300000000000000e+00
	3.300000000000000e+00
	3.300075752030120e+00

 250	1.449129099813535e-07
	0.000000000000000e+00
	3.300000000000000e+00
	3.300000000000000e+00
	3.300000000000000e+00
	3.299935269622580e+00

 251	1.459129099813535e-07
	0.000000000000000e+00
	3.300000000000000e+00
	3.300000000000000e+00
	3.300000000000000e+00
	3.300054402487057e+00

 252	1.469129099813535e-07
	0.000000000000000e+00
	3.300000000000000e+00
	3.300000000000000e+00
	3.300000000000000e+00
	3.299954894551898e+00

 253	1.479129099813535e-07
	0.000000000000000e+00
	3.300000000000000e+00
	3.300000000000000e+00
	3.300000000000000e+00
	3.300036374400651e+00

 254	1.489129099813535e-07
	0.000000000000000e+00
	3.300000000000000e+00
	3.300000000000000e+00
	3.300000000000000e+00
	3.299971450775431e+00

 255	1.499129099813535e-07
	0.000000000000000e+00
	3.300000000000000e+00
	3.300000000000000e+00
	3.300000000000000e+00
	3.300021181250028e+00

 256	1.509129099813535e-07
	0.000000000000000e+00
	3.300000000000000e+00
	3.300000000000000e+00
	3.300000000000000e+00
	3.299985387337644e+00

 257	1.519129099813535e-07
	0.000000000000000e+00
	3.300000000000000e+00
	3.300000000000000e+00
	3.300000000000000e+00
	3.300008408539606e+00

 258	1.529129099813535e-07
	0.000000000000000e+00
	3.300000000000000e+00
	3.300000000000000e+00
	3.300000000000000e+00
	3.299997087017546e+00

 259	1.539129099813535e-07
	0.000000000000000e+00
	3.300000000000000e+00
	3.300000000000000e+00
	3.300000000000000e+00
	3.299997707848467e+00

 260	1.549129099813535e-07
	0.000000000000000e+00
	3.300000000000000e+00
	3.300000000000000e+00
	3.300000000000000e+00
	3.300006881454888e+00

 261	1.559129099813535e-07
	0.000000000000000e+00
	3.300000000000000e+00
	3.300000000000000e+00
	3.300000000000000e+00
	3.299988766675469e+00

 262	1.569129099813535e-07
	0.000000000000000e+00
	3.300000000000000e+00
	3.300000000000000e+00
	3.300000000000000e+00
	3.300015038403521e+00

 263	1.579129099813535e-07
	0.000000000000000e+00
	3.300000000000000e+00
	3.300000000000000e+00
	3.300000000000000e+00
	3.299981332857771e+00

 264	1.589129099813535e-07
	0.000000000000000e+00
	3.300000000000000e+00
	3.300000000000000e+00
	3.300000000000000e+00
	3.300021802632185e+00

 265	1.590000000000000e-07
	0.000000000000000e+00
	3.300000000000000e+00
	3.300000000000000e+00
	3.300000000000000e+00
	3.299956553182521e+00

 266	1.590517481558485e-07
	1.707689142999478e-01
	3.300000000000000e+00
	3.300000000000000e+00
	3.300000000000000e+00
	3.300059174874847e+00

 267	1.591552444675454e-07
	5.123067428998436e-01
	3.300000000000000e+00
	3.300000000000000e+00
	3.300000000000000e+00
	3.299936742967927e+00

 268	1.593388839428919e-07
	1.118317011543326e+00
	3.300000000000000e+00
	3.300000000000000e+00
	3.300000000000000e+00
	3.299694205493767e+00

 269	1.594867510616155e-07
	1.606278503331234e+00
	3.300000000000000e+00
	3.300000000000000e+00
	3.300000000000000e+00
	3.300132202458498e+00

 270	1.596401503190787e-07
	2.112496052959754e+00
	3.300000000000000e+00
	3.300000000000000e+00
	3.300000000000000e+00
	3.305804465012844e+00

 271	1.598047475751144e-07
	2.655666997877353e+00
	3.300000000000000e+00
	3.300000000000000e+00
	3.300000000000000e+00
	7.917690376028199e-01

 272	1.599472431278462e-07
	3.125902321892372e+00
	3.300000000000000e+00
	3.300000000000000e+00
	3.300000000000000e+00
	-2.230052469594848e-01

 273	1.600000000000000e-07
	3.300000000000000e+00
	3.300000000000000e+00
	3.300000000000000e+00
	3.300000000000000e+00
	4.799730554918630e-02

 274	1.600152081182685e-07
	3.300000000000000e+00
	3.249813209713903e+00
	3.249813209713903e+00
	3.249813209713903e+00
	1.929188757575784e-02

 275	1.600456243548056e-07
	3.300000000000000e+00
	3.149439629141620e+00
	3.149439629141620e+00
	3.149439629141620e+00
	-2.585605608227792e-03

 276	1.601064568278797e-07
	3.300000000000000e+00
	2.948692467997143e+00
	2.948692467997143e+00
	2.948692467997143e+00
	8.255526572060468e-04

 277	1.602281217740278e-07
	3.300000000000000e+00
	2.547198145708188e+00
	2.547198145708188e+00
	2.547198145708188e+00
	-1.063215891493413e-03

 278	1.604714516663242e-07
	3.300000000000000e+00
	1.744209501130190e+00
	1.744209501130190e+00
	1.744209501130190e+00
	1.294516836342102e-03

 279	1.607338522742772e-07
	3.300000000000000e+00
	8.782874948853703e-01
	8.782874948853703e-01
	8.782874948853703e-01
	-2.101538313426757e-03

 280	1.609436850127871e-07
	3.300000000000000e+00
	1.858394578025448e-01
	1.858394578025448e-01
	1.858394578025448e-01
	-2.201640541902403e-03

 281	1.610000000000000e-07
	3.300000000000000e+00
	1.421085471520200e-14
	1.421085471520200e-14
	1.421085471520200e-14
	5.876043525794516e-03

 282	1.610218177844073e-07
	3.300000000000000e+00
	0.000000000000000e+00
	0.000000000000000e+00
	0.000000000000000e+00
	6.421203955421562e-03

 283	1.610654533532218e-07
	3.300000000000000e+00
	0.000000000000000e+00
	0.000000000000000e+00
	0.000000000000000e+00
	3.489293086290535e-03

 284	1.611527244908510e-07
	3.300000000000000e+00
	0.000000000000000e+00
	0.000000000000000e+00
	0.000000000000000e+00
	-4.953417896424173e-04

 285	1.613272667661092e-07
	3.300000000000000e+00
	0.000000000000000e+00
	0.000000000000000e+00
	0.000000000000000e+00
	5.579931310247255e-04

 286	1.615874848286602e-07
	3.300000000000000e+00
	0.000000000000000e+00
	0.000000000000000e+00
	0.000000000000000e+00
	-4.701270373032307e-04

 287	1.621079209537622e-07
	3.300000000000000e+00
	0.000000000000000e+00
	0.000000000000000e+00
	0.000000000000000e+00
	4.499577940426241e-04

 288	1.631079209537622e-07
	3.300000000000000e+00
	0.000000000000000e+00
	0.000000000000000e+00
	0.000000000000000e+00
	-4.334804128719623e-04

 289	1.641079209537621e-07
	3.300000000000000e+00
	0.000000000000000e+00
	0.000000000000000e+00
	0.000000000000000e+00
	4.201775079928950e-04

 290	1.651079209537621e-07
	3.300000000000000e+00
	0.000000000000000e+00
	0.000000000000000e+00
	0.000000000000000e+00
	-4.055624849180171e-04

 291	1.661079209537621e-07
	3.300000000000000e+00
	0.000000000000000e+00
	0.000000000000000e+00
	0.000000000000000e+00
	3.920384653610907e-04

 292	1.671079209537621e-07
	3.300000000000000e+00
	0.000000000000000e+00
	0.000000000000000e+00
	0.000000000000000e+00
	-3.778344143075610e-04

 293	1.681079209537621e-07
	3.300000000000000e+00
	0.000000000000000e+00
	0.000000000000000e+00
	0.000000000000000e+00
	3.645280809076758e-04

 294	1.691079209537621e-07
	3.300000000000000e+00
	0.000000000000000e+00
	0.000000000000000e+00
	0.000000000000000e+00
	-3.508201726780541e-04

 295	1.701079209537621e-07
	3.300000000000000e+00
	0.000000000000000e+00
	0.000000000000000e+00
	0.000000000000000e+00
	3.380005605654116e-04

 296	1.711079209537621e-07
	3.300000000000000e+00
	0.000000000000000e+00
	0.000000000000000e+00
	0.000000000000000e+00
	-3.249271788457291e-04

 297	1.721079209537621e-07
	3.300000000000000e+00
	0.000000000000000e+00
	0.000000000000000e+00
	0.000000000000000e+00
	3.127461833398737e-04

 298	1.731079209537621e-07
	3.300000000000000e+00
	0.000000000000000e+00
	0.000000000000000e+00
	0.000000000000000e+00
	-3.003910826163796e-04

 299	1.741079209537621e-07
	3.300000000000000e+00
	0.000000000000000e+00
	0.000000000000000e+00
	0.000000000000000e+00
	2.889253453004781e-04

 300	1.751079209537621e-07
	3.300000000000000e+00
	0.000000000000000e+00
	0.000000000000000e+00
	0.000000000000000e+00
	-2.773268752573436e-04

 301	1.761079209537621e-07
	3.300000000000000e+00
	0.000000000000000e+00
	0.000000000000000e+00
	0.000000000000000e+00
	2.666063687925720e-04

 302	1.771079209537621e-07
	3.300000000000000e+00
	0.000000000000000e+00
	0.000000000000000e+00
	0.000000000000000e+00
	-2.557712722255565e-04

 303	1.781079209537621e-07
	3.300000000000000e+00
	0.000000000000000e+00
	0.000000000000000e+00
	0.000000000000000e+00
	2.457962838489577e-04

 304	1.790000000000000e-07
	3.300000000000000e+00
	0.000000000000000e+00
	0.000000000000000e+00
	0.000000000000000e+00
	-2.345409914150769e-04

 305	1.791000000000000e-07
	3.300000000000000e+00
	0.000000000000000e+00
	0.000000000000000e+00
	3.300000000000139e-01
	3.063427120784945e-05

 306	1.793000000000000e-07
	3.300000000000000e+00
	0.000000000000000e+00
	0.000000000000000e+00
	9.899999999999760e-01
	-6.328742411287891e-05

 307	1.795701934311264e-07
	3.300000000000000e+00
	0.000000000000000e+00
	0.000000000000000e+00
	1.881638322717107e+00
	-1.762629295509743e-04

 308	1.798233219339790e-07
	3.300000000000000e+00
	0.000000000000000e+00
	0.000000000000000e+00
	2.716962382130623e+00
	3.154088047087472e-04

 309	1.800000000000000e-07
	3.300000000000000e+00
	0.000000000000000e+00
	0.000000000000000e+00
	3.299999999999975e+00
	-7.833817006770716e-05

 310	1.800293737060044e-07
	3.300000000000000e+00
	0.000000000000000e+00
	0.000000000000000e+00
	3.300000000000000e+00
	-1.372217229149708e-04

 311	1.800881211180133e-07
	3.300000000000000e+00
	0.000000000000000e+00
	0.000000000000000e+00
	3.300000000000000e+00
	-4.222289926059108e-05

 312	1.802056159420309e-07
	3.300000000000000e+00
	0.000000000000000e+00
	0.000000000000000e+00
	3.300000000000000e+00
	4.599274021846456e-05

 313	1.804406055900663e-07
	3.300000000000000e+00
	0.000000000000000e+00
	0.000000000000000e+00
	3.300000000000000e+00
	-3.681119179700654e-05

 314	1.809105848861370e-07
	3.300000000000000e+00
	0.000000000000000e+00
	0.000000000000000e+00
	3.300000000000000e+00
	3.434534781956988e-05

 315	1.818505434782785e-07
	3.300000000000000e+00
	0.000000000000000e+00
	0.000000000000000e+00
	3.300000000000000e+00
	-3.229929555481625e-05

 316	1.828505434782785e-07
	3.300000000000000e+00
	0.000000000000000e+00
	0.000000000000000e+00
	3.300000000000000e+00
	3.110331331825089e-05

 317	1.838505434782785e-07
	3.300000000000000e+00
	0.000000000000000e+00
	0.000000000000000e+00
	3.300000000000000e+00
	-2.941578437095152e-05

 318	1.848505434782785e-07
	3.300000000000000e+00
	0.000000000000000e+00
	0.000000000000000e+00
	3.300000000000000e+00
	2.826086311639650e-05

 319	1.858505434782785e-07
	3.300000000000000e+00
	0.000000000000000e+00
	0.000000000000000e+00
	3.300000000000000e+00
	-2.668890658039449e-05

 320	1.868505434782785e-07
	3.300000000000000e+00
	0.000000000000000e+00
	0.000000000000000e+00
	3.300000000000000e+00
	2.561758805501649e-05

 321	1.878505434782785e-07
	3.300000000000000e+00
	0.000000000000000e+00
	0.000000000000000e+00
	3.300000000000000e+00
	-2.414891760393889e-05

 322	1.888505434782785e-07
	3.300000000000000e+00
	0.000000000000000e+00
	0.000000000000000e+00
	3.300000000000000e+00
	2.316912287221584e-05

 323	1.898505434782785e-07
	3.300000000000000e+00
	0.000000000000000e+00
	0.000000000000000e+00
	3.300000000000000e+00
	-2.179962460623422e-05

 324	1.908505434782785e-07
	3.300000000000000e+00
	0.000000000000000e+00
	0.000000000000000e+00
	3.300000000000000e+00
	2.091222944439891e-05

 325	1.918505434782784e-07
	3.300000000000000e+00
	0.000000000000000e+00
	0.000000000000000e+00
	3.300000000000000e+00
	-1.963817378693167e-05

 326	1.928505434782784e-07
	3.300000000000000e+00
	0.000000000000000e+00
	0.000000000000000e+00
	3.300000000000000e+00
	1.884111451282144e-05

 327	1.938505434782784e-07
	3.300000000000000e+00
	0.000000000000000e+00
	0.000000000000000e+00
	3.300000000000000e+00
	-1.765816934256106e-05

 328	1.948505434782784e-07
	3.300000000000000e+00
	0.000000000000000e+00
	0.000000000000000e+00
	3.300000000000000e+00
	1.694779206783820e-05

 329	1.958505434782784e-07
	3.300000000000000e+00
	0.000000000000000e+00
	0.000000000000000e+00
	3.300000000000000e+00
	-1.585103831994519e-05

 330	1.968505434782784e-07
	3.300000000000000e+00
	0.000000000000000e+00
	0.000000000000000e+00
	3.300000000000000e+00
	1.522277024041535e-05

 331	1.978505434782784e-07
	3.300000000000000e+00
	0.000000000000000e+00
	0.000000000000000e+00
	3.300000000000000e+00
	-1.420689201817385e-05

 332	1.988505434782784e-07
	3.300000000000000e+00
	0.000000000000000e+00
	0.000000000000000e+00
	3.300000000000000e+00
	1.365565108202987e-05

 333	1.990000000000000e-07
	3.300000000000000e+00
	0.000000000000000e+00
	0.000000000000000e+00
	3.300000000000000e+00
	-9.157776366230941e-06

 334	1.990695192353171e-07
	3.300000000000000e+00
	0.000000000000000e+00
	2.294134765464207e-01
	3.300000000000000e+00
	8.849813726202749e-05

 335	1.992085577059513e-07
	3.300000000000000e+00
	0.000000000000000e+00
	6.882404296393496e-01
	3.300000000000000e+00
	-9.848744671227261e-05

 336	1.994866346472197e-07
	3.300000000000000e+00
	0.000000000000000e+00
	1.605894335825120e+00
	3.300000000000000e+00
	-1.231320628227589e-04

 337	1.998354481269732e-07
	3.300000000000000e+00
	0.000000000000000e+00
	2.756978819011455e+00
	3.300000000000000e+00
	-1.564839328727294e-04

 338	2.000000000000000e-07
	3.300000000000000e+00
	0.000000000000000e+00
	3.299999999999942e+00
	3.300000000000000e+00
	1.144389710443630e-03

 339	2.000304846910718e-07
	3.300000000000000e+00
	0.000000000000000e+00
	3.300000000000000e+00
	3.199400519463045e+00
	1.266458458887565e-04

 340	2.000914540732154e-07
	3.300000000000000e+00
	0.000000000000000e+00
	3.300000000000000e+00
	2.998201558389049e+00
	-4.632754271475248e-04

 341	2.002133928375027e-07
	3.300000000000000e+00
	0.000000000000000e+00
	3.300000000000000e+00
	2.595803636241055e+00
	2.122731910252640e-04

 342	2.004572703660772e-07
	3.300000000000000e+00
	0.000000000000000e+00
	3.300000000000000e+00
	1.791007791945067e+00
	-1.216723970127176e-04

 343	2.007562081439863e-07
	3.300000000000000e+00
	0.000000000000000e+00
	3.300000000000000e+00
	8.045131248451862e-01
	2.509689708481422e-04

 344	2.010000000000000e-07
	3.300000000000000e+00
	0.000000000000000e+00
	3.300000000000000e+00
	1.421085471520200e-14
	-5.255845837637135e-04

 345	2.010275310199028e-07
	3.300000000000000e+00
	0.000000000000000e+00
	3.300000000000000e+00
	0.000000000000000e+00
	9.568090445563615e-05

 346	2.010825930597084e-07
	3.300000000000000e+00
	0.000000000000000e+00
	3.300000000000000e+00
	0.000000000000000e+00
	3.108115122719413e-04

 347	2.011927171393196e-07
	3.300000000000000e+00
	0.000000000000000e+00
	3.300000000000000e+00
	0.000000000000000e+00
	-1.785356268590443e-04

 348	2.014129652985419e-07
	3.300000000000000e+00
	0.000000000000000e+00
	3.300000000000000e+00
	0.000000000000000e+00
	1.269864483679772e-04

 349	2.017288244406087e-07
	3.300000000000000e+00
	0.000000000000000e+00
	3.300000000000000e+00
	0.000000000000000e+00
	-9.826094799646884e-05

 350	2.023605427247421e-07
	3.300000000000000e+00
	0.000000000000000e+00
	3.300000000000000e+00
	0.000000000000000e+00
	8.634455532352536e-05

 351	2.033605427247421e-07
	3.300000000000000e+00
	0.000000000000000e+00
	3.300000000000000e+00
	0.000000000000000e+00
	-7.909228496601195e-05

 352	2.043605427247421e-07
	3.300000000000000e+00
	0.000000000000000e+00
	3.300000000000000e+00
	0.000000000000000e+00
	7.272976609277310e-05

 353	2.053605427247421e-07
	3.300000000000000e+00
	0.000000000000000e+00
	3.300000000000000e+00
	0.000000000000000e+00
	-6.637025147502446e-05

 354	2.063605427247421e-07
	3.300000000000000e+00
	0.000000000000000e+00
	3.300000000000000e+00
	0.000000000000000e+00
	6.085073515665548e-05

 355	2.073605427247421e-07
	3.300000000000000e+00
	0.000000000000000e+00
	3.300000000000000e+00
	0.000000000000000e+00
	-5.528853716373419e-05

 356	2.083605427247421e-07
	3.300000000000000e+00
	0.000000000000000e+00
	3.300000000000000e+00
	0.000000000000000e+00
	5.052035711139088e-05

 357	2.093605427247421e-07
	3.300000000000000e+00
	0.000000000000000e+00
	3.300000000000000e+00
	0.000000000000000e+00
	-4.566748243283250e-05

 358	2.103605427247421e-07
	3.300000000000000e+00
	0.000000000000000e+00
	3.300000000000000e+00
	0.000000000000000e+00
	4.156644089332168e-05

 359	2.113605427247421e-07
	3.300000000000000e+00
	0.000000000000000e+00
	3.300000000000000e+00
	0.000000000000000e+00
	-3.734233104230392e-05

 360	2.123605427247421e-07
	3.300000000000000e+00
	0.000000000000000e+00
	3.300000000000000e+00
	0.000000000000000e+00
	3.383160413180167e-05

 361	2.133605427247421e-07
	3.300000000000000e+00
	0.000000000000000e+00
	3.300000000000000e+00
	0.000000000000000e+00
	-3.016296991644948e-05

 362	2.143605427247421e-07
	3.300000000000000e+00
	0.000000000000000e+00
	3.300000000000000e+00
	0.000000000000000e+00
	2.717189041873819e-05

 363	2.153605427247421e-07
	3.300000000000000e+00
	0.000000000000000e+00
	3.300000000000000e+00
	0.000000000000000e+00
	-2.399500920106934e-05

 364	2.163605427247421e-07
	3.300000000000000e+00
	0.000000000000000e+00
	3.300000000000000e+00
	0.000000000000000e+00
	2.146074867618794e-05

 365	2.173605427247421e-07
	3.300000000000000e+00
	0.000000000000000e+00
	3.300000000000000e+00
	0.000000000000000e+00
	-1.871294519305636e-05

 366	2.183605427247421e-07
	3.300000000000000e+00
	0.000000000000000e+00
	3.300000000000000e+00
	0.000000000000000e+00
	1.658030850760009e-05

 367	2.190000000000000e-07
	3.300000000000000e+00
	0.000000000000000e+00
	3.300000000000000e+00
	0.000000000000000e+00
	-1.306239581398694e-05

 368	2.191000000000000e-07
	3.300000000000000e+00
	0.000000000000000e+00
	3.300000000000000e+00
	3.300000000000139e-01
	5.949356658099814e-05

 369	2.193000000000000e-07
	3.300000000000000e+00
	0.000000000000000e+00
	3.300000000000000e+00
	9.899999999999760e-01
	-6.059059252702670e-05

 370	2.195711332143208e-07
	3.300000000000000e+00
	0.000000000000000e+00
	3.300000000000000e+00
	1.884739607258523e+00
	-6.043944003097934e-05

 371	2.198118329451646e-07
	3.300000000000000e+00
	0.000000000000000e+00
	3.300000000000000e+00
	2.679048719043059e+00
	2.049482947804465e-04

 372	2.200000000000000e-07
	3.300000000000000e+00
	0.000000000000000e+00
	3.300000000000000e+00
	3.299999999999975e+00
	-1.639961403493567e-04

 373	2.200251241742274e-07
	3.300000000000000e+00
	0.000000000000000e+00
	3.300000000000000e+00
	3.300000000000000e+00
	-1.990927743477644e-04

 374	2.200753725226822e-07
	3.300000000000000e+00
	0.000000000000000e+00
	3.300000000000000e+00
	3.300000000000000e+00
	-5.972610376475673e-05

 375	2.201758692195918e-07
	3.300000000000000e+00
	0.000000000000000e+00
	3.300000000000000e+00
	3.300000000000000e+00
	5.931233514411272e-05

 376	2.203768626134111e-07
	3.300000000000000e+00
	0.000000000000000e+00
	3.300000000000000e+00
	3.300000000000000e+00
	-4.970761571498894e-05

 377	2.207786759275804e-07
	3.300000000000000e+00
	0.000000000000000e+00
	3.300000000000000e+00
	3.300000000000000e+00
	4.517579149922180e-05

 378	2.215823025559190e-07
	3.300000000000000e+00
	0.000000000000000e+00
	3.300000000000000e+00
	3.300000000000000e+00
	-4.262969479469636e-05

 379	2.225823025559190e-07
	3.300000000000000e+00
	0.000000000000000e+00
	3.300000000000000e+00
	3.300000000000000e+00
	4.100279778636653e-05

 380	2.235823025559190e-07
	3.300000000000000e+00
	0.000000000000000e+00
	3.300000000000000e+00
	3.300000000000000e+00
	-3.898759086417083e-05

 381	2.245823025559190e-07
	3.300000000000000e+00
	0.000000000000000e+00
	3.300000000000000e+00
	3.300000000000000e+00
	3.743782396489759e-05

 382	2.255823025559190e-07
	3.300000000000000e+00
	0.000000000000000e+00
	3.300000000000000e+00
	3.300000000000000e+00
	-3.550743419331384e-05

 383	2.265823025559190e-07
	3.300000000000000e+00
	0.000000000000000e+00
	3.300000000000000e+00
	3.300000000000000e+00
	3.404812356854955e-05

 384	2.275823025559190e-07
	3.300000000000000e+00
	0.000000000000000e+00
	3.300000000000000e+00
	3.300000000000000e+00
	-3.221330851414100e-05

 385	2.285823025559190e-07
	3.300000000000000e+00
	0.000000000000000e+00
	3.300000000000000e+00
	3.300000000000000e+00
	3.085292328293410e-05

 386	2.295823025559190e-07
	3.300000000000000e+00
	0.000000000000000e+00
	3.300000000000000e+00
	3.300000000000000e+00
	-2.912007389954327e-05

 387	2.305823025559190e-07
	3.300000000000000e+00
	0.000000000000000e+00
	3.300000000000000e+00
	3.300000000000000e+00
	2.786319228698791e-05

 388	2.315823025559190e-07
	3.300000000000000e+00
	0.000000000000000e+00
	3.300000000000000e+00
	3.300000000000000e+00
	-2.623525641735902e-05

 389	2.325823025559190e-07
	3.300000000000000e+00
	0.000000000000000e+00
	3.300000000000000e+00
	3.300000000000000e+00
	2.508342126682564e-05

 390	2.335823025559190e-07
	3.300000000000000e+00
	0.000000000000000e+00
	3.300000000000000e+00
	3.300000000000000e+00
	-2.356068218247256e-05

 391	2.345823025559190e-07
	3.300000000000000e+00
	0.000000000000000e+00
	3.300000000000000e+00
	3.300000000000000e+00
	2.251311169477327e-05

 392	2.355823025559190e-07
	3.300000000000000e+00
	0.000000000000000e+00
	3.300000000000000e+00
	3.300000000000000e+00
	-2.109383533865916e-05

 393	2.365823025559190e-07
	3.300000000000000e+00
	0.000000000000000e+00
	3.300000000000000e+00
	3.300000000000000e+00
	2.014800969769165e-05

 394	2.375823025559189e-07
	3.300000000000000e+00
	0.000000000000000e+00
	3.300000000000000e+00
	3.300000000000000e+00
	-1.882897529602648e-05

 395	2.385823025559189e-07
	3.300000000000000e+00
	0.000000000000000e+00
	3.300000000000000e+00
	3.300000000000000e+00
	1.798111438735053e-05

 396	2.390000000000000e-07
	3.300000000000000e+00
	0.000000000000000e+00
	3.300000000000000e+00
	3.300000000000000e+00
	-1.541882899897679e-05

 397	2.391000000000000e-07
	3.300000000000000e+00
	3.300000000000248e-01
	3.300000000000000e+00
	3.300000000000000e+00
	1.210868220873351e-04

 398	2.393000000000000e-07
	3.300000000000000e+00
	9.900000000000745e-01
	3.300000000000000e+00
	3.300000000000000e+00
	-1.244306370744436e-04

 399	2.394300728645965e-07
	3.300000000000000e+00
	1.419240453168278e+00
	3.300000000000000e+00
	3.300000000000000e+00
	2.299512410411375e-05

 400	2.395767716158711e-07
	3.300000000000000e+00
	1.903346332374631e+00
	3.300000000000000e+00
	3.300000000000000e+00
	-5.236521326014015e-04

 401	2.397538791179827e-07
	3.300000000000000e+00
	2.487801089342852e+00
	3.300000000000000e+00
	3.300000000000000e+00
	-8.625392063545123e-05

 402	2.398921921293182e-07
	3.300000000000000e+00
	2.944234026750153e+00
	3.300000000000000e+00
	3.300000000000000e+00
	1.422297679015416e-03

 403	2.400000000000000e-07
	3.300000000000000e+00
	3.299999999999899e+00
	3.300000000000000e+00
	3.300000000000000e+00
	-9.581504063047308e-04

 404	2.400154730999062e-07
	3.300000000000000e+00
	3.300000000000000e+00
	3.248938770309807e+00
	3.248938770309807e+00
	-1.203954470795021e-03

 405	2.400464192997184e-07
	3.300000000000000e+00
	3.300000000000000e+00
	3.146816310929247e+00
	3.146816310929247e+00
	-5.952303809408921e-04

 406	2.401083116993431e-07
	3.300000000000000e+00
	3.300000000000000e+00
	2.942571392167951e+00
	2.942571392167951e+00
	1.898211010818995e-04

 407	2.402320964985923e-07
	3.300000000000000e+00
	3.300000000000000e+00
	2.534081554645535e+00
	2.534081554645535e+00
	-2.604548707405563e-04

 408	2.404796660970908e-07
	3.300000000000000e+00
	3.300000000000000e+00
	1.717101879600529e+00
	1.717101879600529e+00
	4.255202144059778e-04

 409	2.407360661384776e-07
	3.300000000000000e+00
	3.300000000000000e+00
	8.709817430240285e-01
	8.709817430240285e-01
	1.494768017663670e-01

 410	2.409817527407275e-07
	3.300000000000000e+00
	3.300000000000000e+00
	6.021595559922144e-02
	6.021595559922144e-02
	2.550150059102265e+00

 411	2.410000000000000e-07
	3.300000000000000e+00
	3.300000000000000e+00
	1.016964290556643e-13
	1.016964290556643e-13
	2.863694004717625e+00

 412	2.410157384488814e-07
	3.300000000000000e+00
	3.300000000000000e+00
	0.000000000000000e+00
	0.000000000000000e+00
	3.029437504200066e+00

 413	2.410472153466443e-07
	3.300000000000000e+00
	3.300000000000000e+00
	0.000000000000000e+00
	0.000000000000000e+00
	3.229483156537792e+00

 414	2.411101691421700e-07
	3.300000000000000e+00
	3.300000000000000e+00
	0.000000000000000e+00
	0.000000000000000e+00
	3.297082080492597e+00

 415	2.412360767332214e-07
	3.300000000000000e+00
	3.300000000000000e+00
	0.000000000000000e+00
	0.000000000000000e+00
	3.293775174906202e+00

 416	2.413559330705745e-07
	3.300000000000000e+00
	3.300000000000000e+00
	0.000000000000000e+00
	0.000000000000000e+00
	3.299769614532196e+00

 417	2.415956457452807e-07
	3.300000000000000e+00
	3.300000000000000e+00
	0.000000000000000e+00
	0.000000000000000e+00
	3.297906521387478e+00

 418	2.420750710946929e-07
	3.300000000000000e+00
	3.300000000000000e+00
	0.000000000000000e+00
	0.000000000000000e+00
	3.300517370967080e+00

 419	2.430339217935174e-07
	3.300000000000000e+00
	3.300000000000000e+00
	0.000000000000000e+00
	0.000000000000000e+00
	3.298864317963337e+00

 420	2.440339217935174e-07
	3.300000000000000e+00
	3.300000000000000e+00
	0.000000000000000e+00
	0.000000000000000e+00
	3.300700490650367e+00

 421	2.450339217935175e-07
	3.300000000000000e+00
	3.300000000000000e+00
	0.000000000000000e+00
	0.000000000000000e+00
	3.299101629019916e+00

 422	2.460339217935175e-07
	3.300000000000000e+00
	3.300000000000000e+00
	0.000000000000000e+00
	0.000000000000000e+00
	3.300646945735861e+00

 423	2.470339217935175e-07
	3.300000000000000e+00
	3.300000000000000e+00
	0.000000000000000e+00
	0.000000000000000e+00
	3.299244681102542e+00

 424	2.480339217935175e-07
	3.300000000000000e+00
	3.300000000000000e+00
	0.000000000000000e+00
	0.000000000000000e+00
	3.300573939565364e+00

 425	2.490339217935175e-07
	3.300000000000000e+00
	3.300000000000000e+00
	0.000000000000000e+00
	0.000000000000000e+00
	3.299354644581598e+00

 426	2.500339217935176e-07
	3.300000000000000e+00
	3.300000000000000e+00
	0.000000000000000e+00
	0.000000000000000e+00
	3.300502765656165e+00

 427	2.510339217935176e-07
	3.300000000000000e+00
	3.300000000000000e+00
	0.000000000000000e+00
	0.000000000000000e+00
	3.299444855270669e+00

 428	2.520339217935176e-07
	3.300000000000000e+00
	3.300000000000000e+00
	0.000000000000000e+00
	0.000000000000000e+00
	3.300437887665758e+00

 429	2.530339217935176e-07
	3.300000000000000e+00
	3.300000000000000e+00
	0.000000000000000e+00
	0.000000000000000e+00
	3.299519271644438e+00

 430	2.540339217935177e-07
	3.300000000000000e+00
	3.300000000000000e+00
	0.000000000000000e+00
	0.000000000000000e+00
	3.300380043520649e+00

 431	2.550339217935177e-07
	3.300000000000000e+00
	3.300000000000000e+00
	0.000000000000000e+00
	0.000000000000000e+00
	3.299584188192877e+00

 432	2.560339217935177e-07
	3.300000000000000e+00
	3.300000000000000e+00
	0.000000000000000e+00
	0.000000000000000e+00
	3.300329145334309e+00

 433	2.570339217935177e-07
	3.300000000000000e+00
	3.300000000000000e+00
	0.000000000000000e+00
	0.000000000000000e+00
	3.299639759695703e+00

 434	2.580339217935177e-07
	3.300000000000000e+00
	3.300000000000000e+00
	0.000000000000000e+00
	0.000000000000000e+00
	3.300284618526149e+00

 435	2.590000000000001e-07
	3.300000000000000e+00
	3.300000000000000e+00
	0.000000000000000e+00
	1.637817612854995e-13
	3.299688178692239e+00

 436	2.591000000000001e-07
	3.300000000000000e+00
	3.300000000000000e+00
	0.000000000000000e+00
	3.300000000001886e-01
	3.299962425579392e+00

 437	2.593000000000001e-07
	3.300000000000000e+00
	3.300000000000000e+00
	0.000000000000000e+00
	9.900000000002382e-01
	3.299832535430546e+00

 438	2.593500000000001e-07
	3.300000000000000e+00
	3.300000000000000e+00
	0.000000000000000e+00
	1.155000000000251e+00
	3.299851896327576e+00

 439	2.594500000000001e-07
	3.300000000000000e+00
	3.300000000000000e+00
	0.000000000000000e+00
	1.485000000000275e+00
	3.299953377388970e+00

 440	2.596181639542708e-07
	3.300000000000000e+00
	3.300000000000000e+00
	0.000000000000000e+00
	2.039941049093566e+00
	3.305962188119361e+00

 441	2.597888183476056e-07
	3.300000000000000e+00
	3.300000000000000e+00
	0.000000000000000e+00
	2.603100547098258e+00
	8.356150716726163e-01

 442	2.599317678818474e-07
	3.300000000000000e+00
	3.300000000000000e+00
	0.000000000000000e+00
	3.074834010096161e+00
	-2.312609160760406e-01

 443	2.600000000000001e-07
	3.300000000000000e+00
	3.300000000000000e+00
	0.000000000000000e+00
	3.300000000000000e+00
	7.250208578146281e-02

 444	2.600151199306157e-07
	3.300000000000000e+00
	3.300000000000000e+00
	0.000000000000000e+00
	3.300000000000000e+00
	3.559759860155454e-02

 445	2.600453597918470e-07
	3.300000000000000e+00
	3.300000000000000e+00
	0.000000000000000e+00
	3.300000000000000e+00
	2.637876557282648e-04

 446	2.601058395143096e-07
	3.300000000000000e+00
	3.300000000000000e+00
	0.000000000000000e+00
	3.300000000000000e+00
	7.481053998230625e-04

 447	2.602267989592347e-07
	3.300000000000000e+00
	3.300000000000000e+00
	0.000000000000000e+00
	3.300000000000000e+00
	-6.011937504168119e-04

 448	2.604687178490848e-07
	3.300000000000000e+00
	3.300000000000000e+00
	0.000000000000000e+00
	3.300000000000000e+00
	5.281287454183409e-04

 449	2.609525556287852e-07
	3.300000000000000e+00
	3.300000000000000e+00
	0.000000000000000e+00
	3.300000000000000e+00
	-4.913440278645834e-04

 450	2.619202311881859e-07
	3.300000000000000e+00
	3.300000000000000e+00
	0.000000000000000e+00
	3.300000000000000e+00
	4.736271172152383e-04

 451	2.629202311881860e-07
	3.300000000000000e+00
	3.300000000000000e+00
	0.000000000000000e+00
	3.300000000000000e+00
	-4.563143650264494e-04

 452	2.639202311881860e-07
	3.300000000000000e+00
	3.300000000000000e+00
	0.000000000000000e+00
	3.300000000000000e+00
	4.397361334040131e-04

 453	2.649202311881860e-07
	3.300000000000000e+00
	3.300000000000000e+00
	0.000000000000000e+00
	3.300000000000000e+00
	-4.241766144443236e-04

 454	2.659202311881860e-07
	3.300000000000000e+00
	3.300000000000000e+00
	0.000000000000000e+00
	3.300000000000000e+00
	4.070763084568010e-04

 455	2.669202311881861e-07
	3.300000000000000e+00
	3.300000000000000e+00
	0.000000000000000e+00
	3.300000000000000e+00
	-3.920776882646998e-04

 456	2.679202311881861e-07
	3.300000000000000e+00
	3.300000000000000e+00
	0.000000000000000e+00
	3.300000000000000e+00
	3.758202761474823e-04

 457	2.689202311881861e-07
	3.300000000000000e+00
	3.300000000000000e+00
	0.000000000000000e+00
	3.300000000000000e+00
	-3.614380859764503e-04

 458	2.699202311881861e-07
	3.300000000000000e+00
	3.300000000000000e+00
	0.000000000000000e+00
	3.300000000000000e+00
	3.460466765022908e-04

 459	2.709202311881861e-07
	3.300000000000000e+00
	3.300000000000000e+00
	0.000000000000000e+00
	3.300000000000000e+00
	-3.322873641963264e-04

 460	2.719202311881862e-07
	3.300000000000000e+00
	3.300000000000000e+00
	0.000000000000000e+00
	3.300000000000000e+00
	3.178261349415894e-04

 461	2.729202311881862e-07
	3.300000000000000e+00
	3.300000000000000e+00
	0.000000000000000e+00
	3.300000000000000e+00
	-3.047012913117292e-04

 462	2.739202311881862e-07
	3.300000000000000e+00
	3.300000000000000e+00
	0.000000000000000e+00
	3.300000000000000e+00
	2.911638696923603e-04

 463	2.749202311881862e-07
	3.300000000000000e+00
	3.300000000000000e+00
	0.000000000000000e+00
	3.300000000000000e+00
	-2.786826802916760e-04

 464	2.759202311881863e-07
	3.300000000000000e+00
	3.300000000000000e+00
	0.000000000000000e+00
	3.300000000000000e+00
	2.660526769300980e-04

 465	2.769202311881863e-07
	3.300000000000000e+00
	3.300000000000000e+00
	0.000000000000000e+00
	3.300000000000000e+00
	-2.542143777898472e-04

 466	2.779202311881863e-07
	3.300000000000000e+00
	3.300000000000000e+00
	0.000000000000000e+00
	3.300000000000000e+00
	2.424674805210567e-04

 467	2.789202311881863e-07
	3.300000000000000e+00
	3.300000000000000e+00
	0.000000000000000e+00
	3.300000000000000e+00
	-2.312636782644852e-04

 468	2.790000000000000e-07
	3.300000000000000e+00
	3.300000000000000e+00
	4.367513634279986e-14
	3.300000000000000e+00
	1.173327936834778e-04

 469	2.790459986124287e-07
	3.300000000000000e+00
	3.300000000000000e+00
	1.517954210145412e-01
	3.300000000000000e+00
	1.870726892005126e-04

 470	2.791379958372860e-07
	3.300000000000000e+00
	3.300000000000000e+00
	4.553862630435364e-01
	3.300000000000000e+00
	-2.769079561715238e-05

 471	2.793219902870005e-07
	3.300000000000000e+00
	3.300000000000000e+00
	1.062567947101527e+00
	3.300000000000000e+00
	-1.483350241868742e-04

 472	2.796281180110998e-07
	3.300000000000000e+00
	3.300000000000000e+00
	2.072789436629252e+00
	3.300000000000000e+00
	-2.034650226837437e-04

 473	2.798852295876038e-07
	3.300000000000000e+00
	3.300000000000000e+00
	2.921257639092441e+00
	3.300000000000000e+00
	5.030290050740127e-04

 474	2.800000000000000e-07
	3.300000000000000e+00
	3.300000000000000e+00
	3.299999999999942e+00
	3.300000000000000e+00
	7.624906451322855e-05

 475	2.800277447035377e-07
	3.300000000000000e+00
	3.300000000000000e+00
	3.300000000000000e+00
	3.208442478325653e+00
	-2.745821603927501e-04

 476	2.800832341106131e-07
	3.300000000000000e+00
	3.300000000000000e+00
	3.300000000000000e+00
	3.025327434976957e+00
	-2.459897208686168e-04

 477	2.801942129247638e-07
	3.300000000000000e+00
	3.300000000000000e+00
	3.300000000000000e+00
	2.659097348279567e+00
	4.218033739841753e-05

 478	2.804161705530652e-07
	3.300000000000000e+00
	3.300000000000000e+00
	3.300000000000000e+00
	1.926637174884787e+00
	-8.584790204713144e-06

 479	2.806257758904585e-07
	3.300000000000000e+00
	3.300000000000000e+00
	3.300000000000000e+00
	1.234939561487039e+00
	1.600142599159360e-04

 480	2.808277091180375e-07
	3.300000000000000e+00
	3.300000000000000e+00
	3.300000000000000e+00
	5.685599104761700e-01
	1.170375002359919e-04

 481	2.810000000000000e-07
	3.300000000000000e+00
	3.300000000000000e+00
	3.300000000000000e+00
	0.000000000000000e+00
	-6.802774435507170e-04

 482	2.810188088018868e-07
	3.300000000000000e+00
	3.300000000000000e+00
	3.300000000000000e+00
	0.000000000000000e+00
	7.326259114870393e-06

 483	2.810564264056603e-07
	3.300000000000000e+00
	3.300000000000000e+00
	3.300000000000000e+00
	0.000000000000000e+00
	4.147682549499043e-04

 484	2.811316616132072e-07
	3.300000000000000e+00
	3.300000000000000e+00
	3.300000000000000e+00
	0.000000000000000e+00
	-9.460991289633736e-05

 485	2.812821320283012e-07
	3.300000000000000e+00
	3.300000000000000e+00
	3.300000000000000e+00
	0.000000000000000e+00
	6.744445935838450e-05

 486	2.815830728584891e-07
	3.300000000000000e+00
	3.300000000000000e+00
	3.300000000000000e+00
	0.000000000000000e+00
	-5.537064176343309e-05

 487	2.821849545188648e-07
	3.300000000000000e+00
	3.300000000000000e+00
	3.300000000000000e+00
	0.000000000000000e+00
	5.011752239457434e-05

 488	2.831849545188648e-07
	3.300000000000000e+00
	3.300000000000000e+00
	3.300000000000000e+00
	0.000000000000000e+00
	-4.676333640310851e-05

 489	2.841849545188648e-07
	3.300000000000000e+00
	3.300000000000000e+00
	3.300000000000000e+00
	0.000000000000000e+00
	4.394942428468523e-05

 490	2.851849545188648e-07
	3.300000000000000e+00
	3.300000000000000e+00
	3.300000000000000e+00
	0.000000000000000e+00
	-4.083113273544922e-05

 491	2.861849545188649e-07
	3.300000000000000e+00
	3.300000000000000e+00
	3.300000000000000e+00
	0.000000000000000e+00
	3.825066979869923e-05

 492	2.871849545188649e-07
	3.300000000000000e+00
	3.300000000000000e+00
	3.300000000000000e+00
	0.000000000000000e+00
	-3.536496791459176e-05

 493	2.881849545188649e-07
	3.300000000000000e+00
	3.300000000000000e+00
	3.300000000000000e+00
	0.000000000000000e+00
	3.301486977235271e-05

 494	2.891849545188649e-07
	3.300000000000000e+00
	3.300000000000000e+00
	3.300000000000000e+00
	0.000000000000000e+00
	-3.035649013979555e-05

 495	2.901849545188650e-07
	3.300000000000000e+00
	3.300000000000000e+00
	3.300000000000000e+00
	0.000000000000000e+00
	2.822972697132803e-05

 496	2.911849545188650e-07
	3.300000000000000e+00
	3.300000000000000e+00
	3.300000000000000e+00
	0.000000000000000e+00
	-2.579012380845430e-05

 497	2.921849545188650e-07
	3.300000000000000e+00
	3.300000000000000e+00
	3.300000000000000e+00
	0.000000000000000e+00
	2.387692981192097e-05

 498	2.931849545188650e-07
	3.300000000000000e+00
	3.300000000000000e+00
	3.300000000000000e+00
	0.000000000000000e+00
	-2.164532584709999e-05

 499	2.941849545188650e-07
	3.300000000000000e+00
	3.300000000000000e+00
	3.300000000000000e+00
	0.000000000000000e+00
	1.993414212903347e-05

 500	2.951849545188651e-07
	3.300000000000000e+00
	3.300000000000000e+00
	3.300000000000000e+00
	0.000000000000000e+00
	-1.789836564007261e-05

 501	2.961849545188651e-07
	3.300000000000000e+00
	3.300000000000000e+00
	3.300000000000000e+00
	0.000000000000000e+00
	1.637658123390326e-05

 502	2.971849545188651e-07
	3.300000000000000e+00
	3.300000000000000e+00
	3.300000000000000e+00
	0.000000000000000e+00
	-1.452371388365598e-05

 503	2.981849545188651e-07
	3.300000000000000e+00
	3.300000000000000e+00
	3.300000000000000e+00
	0.000000000000000e+00
	1.317823083815672e-05

 504	2.990000000000000e-07
	3.300000000000000e+00
	3.300000000000000e+00
	3.300000000000000e+00
	0.000000000000000e+00
	-1.117181099504622e-05

 505	2.991000000000000e-07
	3.300000000000000e+00
	3.300000000000000e+00
	3.300000000000000e+00
	3.300000000000139e-01
	8.664825400193921e-05

 506	2.993000000000000e-07
	3.300000000000000e+00
	3.300000000000000e+00
	3.300000000000000e+00
	9.900000000000635e-01
	-7.583507708813775e-05

 507	2.995716568271748e-07
	3.300000000000000e+00
	3.300000000000000e+00
	3.300000000000000e+00
	1.886467529676738e+00
	-8.167024768694631e-05

 508	2.998261296357841e-07
	3.300000000000000e+00
	3.300000000000000e+00
	3.300000000000000e+00
	2.726227798087420e+00
	2.331962983087160e-04

 509	3.000000000000000e-07
	3.300000000000000e+00
	3.300000000000000e+00
	3.300000000000000e+00
	3.300000000000000e+00
	-9.287912163079282e-05

 510	3.000274080122501e-07
	3.300000000000000e+00
	3.300000000000000e+00
	3.300000000000000e+00
	3.300000000000000e+00
	-2.255576858866126e-04

 511	3.000822240367503e-07
	3.300000000000000e+00
	3.300000000000000e+00
	3.300000000000000e+00
	3.300000000000000e+00
	-1.579846742545410e-04

 512	3.001918560857507e-07
	3.300000000000000e+00
	3.300000000000000e+00
	3.300000000000000e+00
	3.300000000000000e+00
	7.391781596069458e-05

 513	3.004111201837515e-07
	3.300000000000000e+00
	3.300000000000000e+00
	3.300000000000000e+00
	3.300000000000000e+00
	-5.452501700153878e-05

 514	3.007894506259969e-07
	3.300000000000000e+00
	3.300000000000000e+00
	3.300000000000000e+00
	3.300000000000000e+00
	4.597148249074062e-05

 515	3.015461115104879e-07
	3.300000000000000e+00
	3.300000000000000e+00
	3.300000000000000e+00
	3.300000000000000e+00
	-4.183362980731548e-05

 516	3.025461115104880e-07
	3.300000000000000e+00
	3.300000000000000e+00
	3.300000000000000e+00
	3.300000000000000e+00
	3.927297055835235e-05

 517	3.035461115104880e-07
	3.300000000000000e+00
	3.300000000000000e+00
	3.300000000000000e+00
	3.300000000000000e+00
	-3.643055400241041e-05

 518	3.045461115104880e-07
	3.300000000000000e+00
	3.300000000000000e+00
	3.300000000000000e+00
	3.300000000000000e+00
	3.416165177960728e-05

 519	3.055461115104880e-07
	3.300000000000000e+00
	3.300000000000000e+00
	3.300000000000000e+00
	3.300000000000000e+00
	-3.159821037425001e-05

 520	3.065461115104880e-07
	3.300000000000000e+00
	3.300000000000000e+00
	3.300000000000000e+00
	3.300000000000000e+00
	2.959179081558558e-05

 521	3.075461115104881e-07
	3.300000000000000e+00
	3.300000000000000e+00
	3.300000000000000e+00
	3.300000000000000e+00
	-2.727951256476999e-05

 522	3.085461115104881e-07
	3.300000000000000e+00
	3.300000000000000e+00
	3.300000000000000e+00
	3.300000000000000e+00
	2.551045735261354e-05

 523	3.095461115104881e-07
	3.300000000000000e+00
	3.300000000000000e+00
	3.300000000000000e+00
	3.300000000000000e+00
	-2.342538824031890e-05

 524	3.105461115104881e-07
	3.300000000000000e+00
	3.300000000000000e+00
	3.300000000000000e+00
	3.300000000000000e+00
	2.187159267480823e-05

 525	3.115461115104882e-07
	3.300000000000000e+00
	3.300000000000000e+00
	3.300000000000000e+00
	3.300000000000000e+00
	-1.999254667984368e-05

 526	3.125461115104882e-07
	3.300000000000000e+00
	3.300000000000000e+00
	3.300000000000000e+00
	3.300000000000000e+00
	1.863416915804175e-05

 527	3.135461115104882e-07
	3.300000000000000e+00
	3.300000000000000e+00
	3.300000000000000e+00
	3.300000000000000e+00
	-1.692052824729673e-05

 528	3.145461115104882e-07
	3.300000000000000e+00
	3.300000000000000e+00
	3.300000000000000e+00
	3.300000000000000e+00
	1.578553508934516e-05

 529	3.155461115104882e-07
	3.300000000000000e+00
	3.300000000000000e+00
	3.300000000000000e+00
	3.300000000000000e+00
	-1.422072424108259e-05

 530	3.165461115104883e-07
	3.300000000000000e+00
	3.300000000000000e+00
	3.300000000000000e+00
	3.300000000000000e+00
	1.323703797075776e-05

 531	3.175461115104883e-07
	3.300000000000000e+00
	3.300000000000000e+00
	3.300000000000000e+00
	3.300000000000000e+00
	-1.183475235271708e-05

 532	3.185461115104883e-07
	3.300000000000000e+00
	3.300000000000000e+00
	3.300000000000000e+00
	3.300000000000000e+00
	1.098828965823487e-05

 533	3.195461115104883e-07
	3.300000000000000e+00
	3.300000000000000e+00
	3.300000000000000e+00
	3.300000000000000e+00
	-9.732620287448285e-06

 534	3.200000000000000e-07
	3.300000000000000e+00
	3.300000000000000e+00
	3.300000000000000e+00
	3.300000000000000e+00
	7.947186003241791e-06

 535	3.201000000000000e-07
	2.969999999999975e+00
	2.969999999999975e+00
	2.969999999999975e+00
	2.969999999999975e+00
	-3.005177859933539e-04

 536	3.203000000000000e-07
	2.309999999999926e+00
	2.309999999999926e+00
	2.309999999999926e+00
	2.309999999999926e+00
	1.773927443942530e-04

 537	3.205654214016553e-07
	1.434109374537625e+00
	1.434109374537625e+00
	1.434109374537625e+00
	1.434109374537625e+00
	-5.934532147426480e-04

 538	3.208453880292209e-07
	5.102195035712067e-01
	5.102195035712067e-01
	5.102195035712067e-01
	5.102195035712067e-01
	2.694213991991479e+00

 539	3.210000000000000e-07
	0.000000000000000e+00
	0.000000000000000e+00
	0.000000000000000e+00
	0.000000000000000e+00
	3.482797671060720e+00

 540	3.210261248415716e-07
	0.000000000000000e+00
	0.000000000000000e+00
	0.000000000000000e+00
	0.000000000000000e+00
	3.382007935601846e+00

 541	3.210783745247146e-07
	0.000000000000000e+00
	0.000000000000000e+00
	0.000000000000000e+00
	0.000000000000000e+00
	3.292875899467242e+00

 542	3.211828738910007e-07
	0.000000000000000e+00
	0.000000000000000e+00
	0.000000000000000e+00
	0.000000000000000e+00
	3.304590576582160e+00

 543	3.213918726235730e-07
	0.000000000000000e+00
	0.000000000000000e+00
	0.000000000000000e+00
	0.000000000000000e+00
	3.296588216747273e+00

 544	3.216467716624704e-07
	0.000000000000000e+00
	0.000000000000000e+00
	0.000000000000000e+00
	0.000000000000000e+00
	3.302648862699239e+00

 545	3.221565697402651e-07
	0.000000000000000e+00
	0.000000000000000e+00
	0.000000000000000e+00
	0.000000000000000e+00
	3.297670866544490e+00

 546	3.231565697402651e-07
	0.000000000000000e+00
	0.000000000000000e+00
	0.000000000000000e+00
	0.000000000000000e+00
	3.302180275403673e+00

 547	3.241565697402651e-07
	0.000000000000000e+00
	0.000000000000000e+00
	0.000000000000000e+00
	0.000000000000000e+00
	3.297959440733922e+00

 548	3.251565697402652e-07
	0.000000000000000e+00
	0.000000000000000e+00
	0.000000000000000e+00
	0.000000000000000e+00
	3.301908658484670e+00

 549	3.261565697402652e-07
	0.000000000000000e+00
	0.000000000000000e+00
	0.000000000000000e+00
	0.000000000000000e+00
	3.298214686181608e+00

 550	3.271565697402652e-07
	0.000000000000000e+00
	0.000000000000000e+00
	0.000000000000000e+00
	0.000000000000000e+00
	3.301668819659299e+00

 551	3.281565697402652e-07
	0.000000000000000e+00
	0.000000000000000e+00
	0.000000000000000e+00
	0.000000000000000e+00
	3.298439925625429e+00

 552	3.291565697402653e-07
	0.000000000000000e+00
	0.000000000000000e+00
	0.000000000000000e+00
	0.000000000000000e+00
	3.301457357771232e+00

 553	3.301565697402653e-07
	0.000000000000000e+00
	0.000000000000000e+00
	0.000000000000000e+00
	0.000000000000000e+00
	3.298638385154304e+00

 554	3.311565697402653e-07
	0.000000000000000e+00
	0.000000000000000e+00
	0.000000000000000e+00
	0.000000000000000e+00
	3.301271162921694e+00

 555	3.321565697402653e-07
	0.000000000000000e+00
	0.000000000000000e+00
	0.000000000000000e+00
	0.000000000000000e+00
	3.298813032138878e+00

 556	3.331565697402653e-07
	0.000000000000000e+00
	0.000000000000000e+00
	0.000000000000000e+00
	0.000000000000000e+00
	3.301107399417321e+00

 557	3.341565697402654e-07
	0.000000000000000e+00
	0.000000000000000e+00
	0.000000000000000e+00
	0.000000000000000e+00
	3.298966565203684e+00

 558	3.351565697402654e-07
	0.000000000000000e+00
	0.000000000000000e+00
	0.000000000000000e+00
	0.000000000000000e+00
	3.300963500204981e+00

 559	3.361565697402654e-07
	0.000000000000000e+00
	0.000000000000000e+00
	0.000000000000000e+00
	0.000000000000000e+00
	3.299101420244113e+00

 560	3.371565697402654e-07
	0.000000000000000e+00
	0.000000000000000e+00
	0.000000000000000e+00
	0.000000000000000e+00
	3.300837155672520e+00

 561	3.381565697402655e-07
	0.000000000000000e+00
	0.000000000000000e+00
	0.000000000000000e+00
	0.000000000000000e+00
	3.299219783417150e+00

 562	3.390000000000001e-07
	0.000000000000000e+00
	0.000000000000000e+00
	0.000000000000000e+00
	1.637817612854995e-13
	3.300716695845326e+00

 563	3.391000000000001e-07
	0.000000000000000e+00
	0.000000000000000e+00
	0.000000000000000e+00
	3.300000000001886e-01
	3.300133613751696e+00

 564	3.393000000000001e-07
	0.000000000000000e+00
	0.000000000000000e+00
	0.000000000000000e+00
	9.900000000002382e-01
	3.299875631413359e+00

 565	3.395698453147399e-07
	0.000000000000000e+00
	0.000000000000000e+00
	0.000000000000000e+00
	1.880489538641654e+00
	3.299972561423875e+00

 566	3.398223749417809e-07
	0.000000000000000e+00
	0.000000000000000e+00
	0.000000000000000e+00
	2.713837307876961e+00
	3.300164634035607e+00

 567	3.400000000000000e-07
	0.000000000000000e+00
	0.000000000000000e+00
	0.000000000000000e+00
	3.300000000000000e+00
	3.299917246267960e+00

