Title: * hspice file created from seg_d.ext - technology: tsmc
Date: Thu Apr 27 01:07:56  2017
Plotname: Transient Analysis
Flags: real
No. Variables: 6
No. Points: 607
Variables:
	0	time	time
	1	a	voltage
	2	b	voltage
	3	c	voltage
	4	d	voltage
	5	y	voltage
Values:
 0	0.000000000000000e+00
	3.300000000000000e+00
	3.300000000000000e+00
	3.300000000000000e+00
	3.300000000000000e+00
	2.740284428472372e+00

 1	1.000000000000000e-11
	3.267000000000000e+00
	3.267000000000000e+00
	3.267000000000000e+00
	3.267000000000000e+00
	2.740315101430185e+00

 2	2.000000000000000e-11
	3.234000000000000e+00
	3.234000000000000e+00
	3.234000000000000e+00
	3.234000000000000e+00
	2.740319882010736e+00

 3	4.000000000000000e-11
	3.168000000000000e+00
	3.168000000000000e+00
	3.168000000000000e+00
	3.168000000000000e+00
	2.740327247062900e+00

 4	8.000000000000001e-11
	3.036000000000000e+00
	3.036000000000000e+00
	3.036000000000000e+00
	3.036000000000000e+00
	2.740335113537157e+00

 5	1.600000000000000e-10
	2.772000000000000e+00
	2.772000000000000e+00
	2.772000000000000e+00
	2.772000000000000e+00
	2.740324321503752e+00

 6	3.200000000000000e-10
	2.244000000000000e+00
	2.244000000000000e+00
	2.244000000000000e+00
	2.244000000000000e+00
	2.740244468113222e+00

 7	6.400000000000001e-10
	1.188000000000000e+00
	1.188000000000000e+00
	1.188000000000000e+00
	1.188000000000000e+00
	2.739872038137516e+00

 8	1.000000000000000e-09
	0.000000000000000e+00
	0.000000000000000e+00
	0.000000000000000e+00
	0.000000000000000e+00
	2.738382282443196e+00

 9	1.064000000000000e-09
	0.000000000000000e+00
	0.000000000000000e+00
	0.000000000000000e+00
	0.000000000000000e+00
	2.738212969770673e+00

 10	1.192000000000000e-09
	0.000000000000000e+00
	0.000000000000000e+00
	0.000000000000000e+00
	0.000000000000000e+00
	2.738002262176737e+00

 11	1.448000000000000e-09
	0.000000000000000e+00
	0.000000000000000e+00
	0.000000000000000e+00
	0.000000000000000e+00
	2.737846537410988e+00

 12	1.960000000000000e-09
	0.000000000000000e+00
	0.000000000000000e+00
	0.000000000000000e+00
	0.000000000000000e+00
	2.737717578960993e+00

 13	2.960000000000000e-09
	0.000000000000000e+00
	0.000000000000000e+00
	0.000000000000000e+00
	0.000000000000000e+00
	2.737605208319241e+00

 14	3.960000000000000e-09
	0.000000000000000e+00
	0.000000000000000e+00
	0.000000000000000e+00
	0.000000000000000e+00
	2.737563533521090e+00

 15	4.959999999999999e-09
	0.000000000000000e+00
	0.000000000000000e+00
	0.000000000000000e+00
	0.000000000000000e+00
	2.737528556587527e+00

 16	5.959999999999999e-09
	0.000000000000000e+00
	0.000000000000000e+00
	0.000000000000000e+00
	0.000000000000000e+00
	2.737501589989473e+00

 17	6.959999999999999e-09
	0.000000000000000e+00
	0.000000000000000e+00
	0.000000000000000e+00
	0.000000000000000e+00
	2.737481041579740e+00

 18	7.960000000000000e-09
	0.000000000000000e+00
	0.000000000000000e+00
	0.000000000000000e+00
	0.000000000000000e+00
	2.737464379532390e+00

 19	8.960000000000000e-09
	0.000000000000000e+00
	0.000000000000000e+00
	0.000000000000000e+00
	0.000000000000000e+00
	2.737450757505752e+00

 20	9.960000000000001e-09
	0.000000000000000e+00
	0.000000000000000e+00
	0.000000000000000e+00
	0.000000000000000e+00
	2.737439067653428e+00

 21	1.096000000000000e-08
	0.000000000000000e+00
	0.000000000000000e+00
	0.000000000000000e+00
	0.000000000000000e+00
	2.737429171651794e+00

 22	1.196000000000000e-08
	0.000000000000000e+00
	0.000000000000000e+00
	0.000000000000000e+00
	0.000000000000000e+00
	2.737420365818049e+00

 23	1.296000000000000e-08
	0.000000000000000e+00
	0.000000000000000e+00
	0.000000000000000e+00
	0.000000000000000e+00
	2.737412759684176e+00

 24	1.396000000000000e-08
	0.000000000000000e+00
	0.000000000000000e+00
	0.000000000000000e+00
	0.000000000000000e+00
	2.737405811175876e+00

 25	1.496000000000000e-08
	0.000000000000000e+00
	0.000000000000000e+00
	0.000000000000000e+00
	0.000000000000000e+00
	2.737399737313383e+00

 26	1.596000000000000e-08
	0.000000000000000e+00
	0.000000000000000e+00
	0.000000000000000e+00
	0.000000000000000e+00
	2.737394072211651e+00

 27	1.696000000000000e-08
	0.000000000000000e+00
	0.000000000000000e+00
	0.000000000000000e+00
	0.000000000000000e+00
	2.737389086215253e+00

 28	1.796000000000000e-08
	0.000000000000000e+00
	0.000000000000000e+00
	0.000000000000000e+00
	0.000000000000000e+00
	2.737384353880381e+00

 29	1.896000000000000e-08
	0.000000000000000e+00
	0.000000000000000e+00
	0.000000000000000e+00
	0.000000000000000e+00
	2.737380174634185e+00

 30	1.900000000000000e-08
	0.000000000000000e+00
	0.000000000000000e+00
	0.000000000000000e+00
	0.000000000000000e+00
	2.737379923275940e+00

 31	1.901000000000000e-08
	0.000000000000000e+00
	0.000000000000000e+00
	0.000000000000000e+00
	3.300000000000466e-02
	2.737379754011566e+00

 32	1.903000000000001e-08
	0.000000000000000e+00
	0.000000000000000e+00
	0.000000000000000e+00
	9.900000000001398e-02
	2.737377967463628e+00

 33	1.907000000000001e-08
	0.000000000000000e+00
	0.000000000000000e+00
	0.000000000000000e+00
	2.310000000000217e-01
	2.737359713136006e+00

 34	1.908000000000001e-08
	0.000000000000000e+00
	0.000000000000000e+00
	0.000000000000000e+00
	2.640000000000264e-01
	2.737357083472334e+00

 35	1.910000000000001e-08
	0.000000000000000e+00
	0.000000000000000e+00
	0.000000000000000e+00
	3.300000000000357e-01
	2.737355665150931e+00

 36	1.914000000000001e-08
	0.000000000000000e+00
	0.000000000000000e+00
	0.000000000000000e+00
	4.620000000000434e-01
	2.737461827164071e+00

 37	1.922000000000002e-08
	0.000000000000000e+00
	0.000000000000000e+00
	0.000000000000000e+00
	7.260000000000589e-01
	2.737675781295152e+00

 38	1.938000000000003e-08
	0.000000000000000e+00
	0.000000000000000e+00
	0.000000000000000e+00
	1.254000000000090e+00
	2.737753455173205e+00

 39	1.938500000000003e-08
	0.000000000000000e+00
	0.000000000000000e+00
	0.000000000000000e+00
	1.270500000000087e+00
	2.737758714219849e+00

 40	1.939500000000003e-08
	0.000000000000000e+00
	0.000000000000000e+00
	0.000000000000000e+00
	1.303500000000091e+00
	2.737762499726617e+00

 41	1.941500000000003e-08
	0.000000000000000e+00
	0.000000000000000e+00
	0.000000000000000e+00
	1.369500000000101e+00
	2.737764745196632e+00

 42	1.945500000000003e-08
	0.000000000000000e+00
	0.000000000000000e+00
	0.000000000000000e+00
	1.501500000000108e+00
	2.737769542692379e+00

 43	1.946500000000004e-08
	0.000000000000000e+00
	0.000000000000000e+00
	0.000000000000000e+00
	1.534500000000113e+00
	2.737769765871513e+00

 44	1.948500000000004e-08
	0.000000000000000e+00
	0.000000000000000e+00
	0.000000000000000e+00
	1.600500000000123e+00
	2.737770631742815e+00

 45	1.952500000000004e-08
	0.000000000000000e+00
	0.000000000000000e+00
	0.000000000000000e+00
	1.732500000000130e+00
	2.737771629771935e+00

 46	1.960500000000005e-08
	0.000000000000000e+00
	0.000000000000000e+00
	0.000000000000000e+00
	1.996500000000146e+00
	2.737771367456412e+00

 47	1.976500000000005e-08
	0.000000000000000e+00
	0.000000000000000e+00
	0.000000000000000e+00
	2.524500000000176e+00
	2.737767496702560e+00

 48	1.979437500000005e-08
	0.000000000000000e+00
	0.000000000000000e+00
	0.000000000000000e+00
	2.621437500000155e+00
	2.737766623534811e+00

 49	1.985312500000004e-08
	0.000000000000000e+00
	0.000000000000000e+00
	0.000000000000000e+00
	2.815312500000113e+00
	2.737764584467523e+00

 50	1.997062500000001e-08
	0.000000000000000e+00
	0.000000000000000e+00
	0.000000000000000e+00
	3.203062500000029e+00
	2.737701783144195e+00

 51	2.000000000000000e-08
	0.000000000000000e+00
	0.000000000000000e+00
	0.000000000000000e+00
	3.300000000000000e+00
	2.737664770602261e+00

 52	2.002349999999999e-08
	0.000000000000000e+00
	0.000000000000000e+00
	0.000000000000000e+00
	3.300000000000000e+00
	2.737638817888816e+00

 53	2.007049999999998e-08
	0.000000000000000e+00
	0.000000000000000e+00
	0.000000000000000e+00
	3.300000000000000e+00
	2.737601727723102e+00

 54	2.016449999999996e-08
	0.000000000000000e+00
	0.000000000000000e+00
	0.000000000000000e+00
	3.300000000000000e+00
	2.737571600704829e+00

 55	2.018799999999996e-08
	0.000000000000000e+00
	0.000000000000000e+00
	0.000000000000000e+00
	3.300000000000000e+00
	2.737571776748827e+00

 56	2.023499999999995e-08
	0.000000000000000e+00
	0.000000000000000e+00
	0.000000000000000e+00
	3.300000000000000e+00
	2.737571543275765e+00

 57	2.032899999999992e-08
	0.000000000000000e+00
	0.000000000000000e+00
	0.000000000000000e+00
	3.300000000000000e+00
	2.737578505194280e+00

 58	2.035249999999992e-08
	0.000000000000000e+00
	0.000000000000000e+00
	0.000000000000000e+00
	3.300000000000000e+00
	2.737581410960697e+00

 59	2.035837499999992e-08
	0.000000000000000e+00
	0.000000000000000e+00
	0.000000000000000e+00
	3.300000000000000e+00
	2.737582125789162e+00

 60	2.037012499999991e-08
	0.000000000000000e+00
	0.000000000000000e+00
	0.000000000000000e+00
	3.300000000000000e+00
	2.737583576616096e+00

 61	2.039362499999991e-08
	0.000000000000000e+00
	0.000000000000000e+00
	0.000000000000000e+00
	3.300000000000000e+00
	2.737586596255371e+00

 62	2.039949999999991e-08
	0.000000000000000e+00
	0.000000000000000e+00
	0.000000000000000e+00
	3.300000000000000e+00
	2.737587365595099e+00

 63	2.041124999999990e-08
	0.000000000000000e+00
	0.000000000000000e+00
	0.000000000000000e+00
	3.300000000000000e+00
	2.737588934914215e+00

 64	2.043474999999990e-08
	0.000000000000000e+00
	0.000000000000000e+00
	0.000000000000000e+00
	3.300000000000000e+00
	2.737592141109401e+00

 65	2.044062499999990e-08
	0.000000000000000e+00
	0.000000000000000e+00
	0.000000000000000e+00
	3.300000000000000e+00
	2.737592947468830e+00

 66	2.045237499999989e-08
	0.000000000000000e+00
	0.000000000000000e+00
	0.000000000000000e+00
	3.300000000000000e+00
	2.737594580927266e+00

 67	2.047587499999989e-08
	0.000000000000000e+00
	0.000000000000000e+00
	0.000000000000000e+00
	3.300000000000000e+00
	2.737597879319591e+00

 68	2.052287499999988e-08
	0.000000000000000e+00
	0.000000000000000e+00
	0.000000000000000e+00
	3.300000000000000e+00
	2.737604529127509e+00

 69	2.061687499999986e-08
	0.000000000000000e+00
	0.000000000000000e+00
	0.000000000000000e+00
	3.300000000000000e+00
	2.737617705133429e+00

 70	2.064037499999985e-08
	0.000000000000000e+00
	0.000000000000000e+00
	0.000000000000000e+00
	3.300000000000000e+00
	2.737620821354838e+00

 71	2.068737499999984e-08
	0.000000000000000e+00
	0.000000000000000e+00
	0.000000000000000e+00
	3.300000000000000e+00
	2.737627067088275e+00

 72	2.078137499999982e-08
	0.000000000000000e+00
	0.000000000000000e+00
	0.000000000000000e+00
	3.300000000000000e+00
	2.737638957103593e+00

 73	2.096937499999977e-08
	0.000000000000000e+00
	0.000000000000000e+00
	0.000000000000000e+00
	3.300000000000000e+00
	2.737660220115170e+00

 74	2.134537499999969e-08
	0.000000000000000e+00
	0.000000000000000e+00
	0.000000000000000e+00
	3.300000000000000e+00
	2.737693825874350e+00

 75	2.209737499999951e-08
	0.000000000000000e+00
	0.000000000000000e+00
	0.000000000000000e+00
	3.300000000000000e+00
	2.737737205207563e+00

 76	2.309737499999951e-08
	0.000000000000000e+00
	0.000000000000000e+00
	0.000000000000000e+00
	3.300000000000000e+00
	2.737764533894920e+00

 77	2.409737499999951e-08
	0.000000000000000e+00
	0.000000000000000e+00
	0.000000000000000e+00
	3.300000000000000e+00
	2.737782112814742e+00

 78	2.509737499999951e-08
	0.000000000000000e+00
	0.000000000000000e+00
	0.000000000000000e+00
	3.300000000000000e+00
	2.737794908748279e+00

 79	2.522237499999951e-08
	0.000000000000000e+00
	0.000000000000000e+00
	0.000000000000000e+00
	3.300000000000000e+00
	2.737796196373913e+00

 80	2.547237499999951e-08
	0.000000000000000e+00
	0.000000000000000e+00
	0.000000000000000e+00
	3.300000000000000e+00
	2.737798641738235e+00

 81	2.597237499999951e-08
	0.000000000000000e+00
	0.000000000000000e+00
	0.000000000000000e+00
	3.300000000000000e+00
	2.737803005518700e+00

 82	2.697237499999951e-08
	0.000000000000000e+00
	0.000000000000000e+00
	0.000000000000000e+00
	3.300000000000000e+00
	2.737810113797456e+00

 83	2.797237499999951e-08
	0.000000000000000e+00
	0.000000000000000e+00
	0.000000000000000e+00
	3.300000000000000e+00
	2.737815620752569e+00

 84	2.897237499999951e-08
	0.000000000000000e+00
	0.000000000000000e+00
	0.000000000000000e+00
	3.300000000000000e+00
	2.737820041081517e+00

 85	2.997237499999951e-08
	0.000000000000000e+00
	0.000000000000000e+00
	0.000000000000000e+00
	3.300000000000000e+00
	2.737823684887730e+00

 86	3.097237499999951e-08
	0.000000000000000e+00
	0.000000000000000e+00
	0.000000000000000e+00
	3.300000000000000e+00
	2.737826753541726e+00

 87	3.197237499999951e-08
	0.000000000000000e+00
	0.000000000000000e+00
	0.000000000000000e+00
	3.300000000000000e+00
	2.737829384053402e+00

 88	3.297237499999951e-08
	0.000000000000000e+00
	0.000000000000000e+00
	0.000000000000000e+00
	3.300000000000000e+00
	2.737831673309158e+00

 89	3.397237499999952e-08
	0.000000000000000e+00
	0.000000000000000e+00
	0.000000000000000e+00
	3.300000000000000e+00
	2.737833691272806e+00

 90	3.497237499999952e-08
	0.000000000000000e+00
	0.000000000000000e+00
	0.000000000000000e+00
	3.300000000000000e+00
	2.737835490256741e+00

 91	3.597237499999952e-08
	0.000000000000000e+00
	0.000000000000000e+00
	0.000000000000000e+00
	3.300000000000000e+00
	2.737837109659638e+00

 92	3.697237499999952e-08
	0.000000000000000e+00
	0.000000000000000e+00
	0.000000000000000e+00
	3.300000000000000e+00
	2.737838580263412e+00

 93	3.797237499999952e-08
	0.000000000000000e+00
	0.000000000000000e+00
	0.000000000000000e+00
	3.300000000000000e+00
	2.737839925943242e+00

 94	3.897237499999953e-08
	0.000000000000000e+00
	0.000000000000000e+00
	0.000000000000000e+00
	3.300000000000000e+00
	2.737841166057302e+00

 95	3.900000000000001e-08
	0.000000000000000e+00
	0.000000000000000e+00
	0.000000000000000e+00
	3.300000000000000e+00
	2.737841198904910e+00

 96	3.905525000000096e-08
	0.000000000000000e+00
	0.000000000000000e+00
	1.823250000031548e-01
	3.300000000000000e+00
	2.737841111558830e+00

 97	3.916575000000287e-08
	0.000000000000000e+00
	0.000000000000000e+00
	5.469750000094644e-01
	3.300000000000000e+00
	2.737839717272800e+00

 98	3.938675000000670e-08
	0.000000000000000e+00
	0.000000000000000e+00
	1.276275000022084e+00
	3.300000000000000e+00
	2.737828742878715e+00

 99	3.944200000000765e-08
	0.000000000000000e+00
	0.000000000000000e+00
	1.458600000025239e+00
	3.300000000000000e+00
	2.737827159826071e+00

 100	3.945581250000789e-08
	0.000000000000000e+00
	0.000000000000000e+00
	1.504181250026016e+00
	3.300000000000000e+00
	2.737826934618433e+00

 101	3.948343750000837e-08
	0.000000000000000e+00
	0.000000000000000e+00
	1.595343750027594e+00
	3.300000000000000e+00
	2.737826674561088e+00

 102	3.953868750000932e-08
	0.000000000000000e+00
	0.000000000000000e+00
	1.777668750030749e+00
	3.300000000000000e+00
	2.737826502916366e+00

 103	3.964918750001123e-08
	0.000000000000000e+00
	0.000000000000000e+00
	2.142318750037058e+00
	3.300000000000000e+00
	2.737826292800698e+00

 104	3.987018750001506e-08
	0.000000000000000e+00
	0.000000000000000e+00
	2.871618750049677e+00
	3.300000000000000e+00
	2.737826349274232e+00

 105	4.000000000000000e-08
	0.000000000000000e+00
	0.000000000000000e+00
	3.299999999999986e+00
	3.300000000000000e+00
	2.737798282314083e+00

 106	4.000552500000010e-08
	0.000000000000000e+00
	0.000000000000000e+00
	3.300000000000000e+00
	3.281767499999680e+00
	2.737796524817300e+00

 107	4.000569765625010e-08
	0.000000000000000e+00
	0.000000000000000e+00
	3.300000000000000e+00
	3.281197734374677e+00
	2.737796470766767e+00

 108	4.000604296875011e-08
	0.000000000000000e+00
	0.000000000000000e+00
	3.300000000000000e+00
	3.280058203124649e+00
	2.737796363780567e+00

 109	4.000673359375012e-08
	0.000000000000000e+00
	0.000000000000000e+00
	3.300000000000000e+00
	3.277779140624614e+00
	2.737796153376320e+00

 110	4.000811484375014e-08
	0.000000000000000e+00
	0.000000000000000e+00
	3.300000000000000e+00
	3.273221015624546e+00
	2.737795738639299e+00

 111	4.001087734375019e-08
	0.000000000000000e+00
	0.000000000000000e+00
	3.300000000000000e+00
	3.264104765624386e+00
	2.737794927249591e+00

 112	4.001640234375028e-08
	0.000000000000000e+00
	0.000000000000000e+00
	3.300000000000000e+00
	3.245872265624066e+00
	2.737793369680050e+00

 113	4.002745234375048e-08
	0.000000000000000e+00
	0.000000000000000e+00
	3.300000000000000e+00
	3.209407265623426e+00
	2.737790494884975e+00

 114	4.004955234375086e-08
	0.000000000000000e+00
	0.000000000000000e+00
	3.300000000000000e+00
	3.136477265622168e+00
	2.737785565631577e+00

 115	4.009375234375162e-08
	0.000000000000000e+00
	0.000000000000000e+00
	3.300000000000000e+00
	2.990617265619653e+00
	2.737778202450925e+00

 116	4.018215234375315e-08
	0.000000000000000e+00
	0.000000000000000e+00
	3.300000000000000e+00
	2.698897265614601e+00
	2.737769189898692e+00

 117	4.035895234375621e-08
	0.000000000000000e+00
	0.000000000000000e+00
	3.300000000000000e+00
	2.115457265604497e+00
	2.737760891980543e+00

 118	4.071255234376233e-08
	0.000000000000000e+00
	0.000000000000000e+00
	3.300000000000000e+00
	9.485772655843108e-01
	2.737720509452879e+00

 119	4.100000000000000e-08
	0.000000000000000e+00
	0.000000000000000e+00
	3.300000000000000e+00
	0.000000000000000e+00
	2.737613378338358e+00

 120	4.100884000000015e-08
	0.000000000000000e+00
	0.000000000000000e+00
	3.300000000000000e+00
	0.000000000000000e+00
	2.737611548038498e+00

 121	4.101105000000019e-08
	0.000000000000000e+00
	0.000000000000000e+00
	3.300000000000000e+00
	0.000000000000000e+00
	2.737611154846161e+00

 122	4.101547000000027e-08
	0.000000000000000e+00
	0.000000000000000e+00
	3.300000000000000e+00
	0.000000000000000e+00
	2.737610443450075e+00

 123	4.102431000000042e-08
	0.000000000000000e+00
	0.000000000000000e+00
	3.300000000000000e+00
	0.000000000000000e+00
	2.737609314057132e+00

 124	4.104199000000073e-08
	0.000000000000000e+00
	0.000000000000000e+00
	3.300000000000000e+00
	0.000000000000000e+00
	2.737607863917642e+00

 125	4.107735000000134e-08
	0.000000000000000e+00
	0.000000000000000e+00
	3.300000000000000e+00
	0.000000000000000e+00
	2.737606774120707e+00

 126	4.108619000000149e-08
	0.000000000000000e+00
	0.000000000000000e+00
	3.300000000000000e+00
	0.000000000000000e+00
	2.737606797894998e+00

 127	4.110387000000180e-08
	0.000000000000000e+00
	0.000000000000000e+00
	3.300000000000000e+00
	0.000000000000000e+00
	2.737606889661340e+00

 128	4.110829000000188e-08
	0.000000000000000e+00
	0.000000000000000e+00
	3.300000000000000e+00
	0.000000000000000e+00
	2.737606939408405e+00

 129	4.111713000000203e-08
	0.000000000000000e+00
	0.000000000000000e+00
	3.300000000000000e+00
	0.000000000000000e+00
	2.737607064270562e+00

 130	4.111934000000207e-08
	0.000000000000000e+00
	0.000000000000000e+00
	3.300000000000000e+00
	0.000000000000000e+00
	2.737607100776269e+00

 131	4.112376000000215e-08
	0.000000000000000e+00
	0.000000000000000e+00
	3.300000000000000e+00
	0.000000000000000e+00
	2.737607178635026e+00

 132	4.113260000000230e-08
	0.000000000000000e+00
	0.000000000000000e+00
	3.300000000000000e+00
	0.000000000000000e+00
	2.737607354400805e+00

 133	4.113481000000233e-08
	0.000000000000000e+00
	0.000000000000000e+00
	3.300000000000000e+00
	0.000000000000000e+00
	2.737607402013886e+00

 134	4.113923000000241e-08
	0.000000000000000e+00
	0.000000000000000e+00
	3.300000000000000e+00
	0.000000000000000e+00
	2.737607501331886e+00

 135	4.114807000000256e-08
	0.000000000000000e+00
	0.000000000000000e+00
	3.300000000000000e+00
	0.000000000000000e+00
	2.737607715319323e+00

 136	4.116575000000287e-08
	0.000000000000000e+00
	0.000000000000000e+00
	3.300000000000000e+00
	0.000000000000000e+00
	2.737608193550410e+00

 137	4.120111000000348e-08
	0.000000000000000e+00
	0.000000000000000e+00
	3.300000000000000e+00
	0.000000000000000e+00
	2.737609295415734e+00

 138	4.127183000000470e-08
	0.000000000000000e+00
	0.000000000000000e+00
	3.300000000000000e+00
	0.000000000000000e+00
	2.737611804340395e+00

 139	4.141327000000715e-08
	0.000000000000000e+00
	0.000000000000000e+00
	3.300000000000000e+00
	0.000000000000000e+00
	2.737617099821288e+00

 140	4.169615000001204e-08
	0.000000000000000e+00
	0.000000000000000e+00
	3.300000000000000e+00
	0.000000000000000e+00
	2.737626893011100e+00

 141	4.226191000002183e-08
	0.000000000000000e+00
	0.000000000000000e+00
	3.300000000000000e+00
	0.000000000000000e+00
	2.737642455101160e+00

 142	4.326191000002184e-08
	0.000000000000000e+00
	0.000000000000000e+00
	3.300000000000000e+00
	0.000000000000000e+00
	2.737662217734691e+00

 143	4.426191000002184e-08
	0.000000000000000e+00
	0.000000000000000e+00
	3.300000000000000e+00
	0.000000000000000e+00
	2.737677510408969e+00

 144	4.526191000002184e-08
	0.000000000000000e+00
	0.000000000000000e+00
	3.300000000000000e+00
	0.000000000000000e+00
	2.737689433034723e+00

 145	4.626191000002184e-08
	0.000000000000000e+00
	0.000000000000000e+00
	3.300000000000000e+00
	0.000000000000000e+00
	2.737699196409991e+00

 146	4.726191000002185e-08
	0.000000000000000e+00
	0.000000000000000e+00
	3.300000000000000e+00
	0.000000000000000e+00
	2.737707520442547e+00

 147	4.826191000002185e-08
	0.000000000000000e+00
	0.000000000000000e+00
	3.300000000000000e+00
	0.000000000000000e+00
	2.737714792163222e+00

 148	4.926191000002185e-08
	0.000000000000000e+00
	0.000000000000000e+00
	3.300000000000000e+00
	0.000000000000000e+00
	2.737721261951643e+00

 149	5.026191000002185e-08
	0.000000000000000e+00
	0.000000000000000e+00
	3.300000000000000e+00
	0.000000000000000e+00
	2.737727098066411e+00

 150	5.126191000002185e-08
	0.000000000000000e+00
	0.000000000000000e+00
	3.300000000000000e+00
	0.000000000000000e+00
	2.737732421837643e+00

 151	5.226191000002186e-08
	0.000000000000000e+00
	0.000000000000000e+00
	3.300000000000000e+00
	0.000000000000000e+00
	2.737737320654123e+00

 152	5.326191000002186e-08
	0.000000000000000e+00
	0.000000000000000e+00
	3.300000000000000e+00
	0.000000000000000e+00
	2.737741862693156e+00

 153	5.426191000002186e-08
	0.000000000000000e+00
	0.000000000000000e+00
	3.300000000000000e+00
	0.000000000000000e+00
	2.737746098933920e+00

 154	5.526191000002186e-08
	0.000000000000000e+00
	0.000000000000000e+00
	3.300000000000000e+00
	0.000000000000000e+00
	2.737750071753131e+00

 155	5.626191000002187e-08
	0.000000000000000e+00
	0.000000000000000e+00
	3.300000000000000e+00
	0.000000000000000e+00
	2.737753813329372e+00

 156	5.726191000002187e-08
	0.000000000000000e+00
	0.000000000000000e+00
	3.300000000000000e+00
	0.000000000000000e+00
	2.737757352004536e+00

 157	5.826191000002187e-08
	0.000000000000000e+00
	0.000000000000000e+00
	3.300000000000000e+00
	0.000000000000000e+00
	2.737760709267250e+00

 158	5.900000000000001e-08
	0.000000000000000e+00
	0.000000000000000e+00
	3.300000000000000e+00
	1.091878408569997e-14
	2.737763082337042e+00

 159	5.910000000000001e-08
	0.000000000000000e+00
	0.000000000000000e+00
	3.300000000000000e+00
	3.300000000000139e-01
	2.737656185995234e+00

 160	5.912500000000001e-08
	0.000000000000000e+00
	0.000000000000000e+00
	3.300000000000000e+00
	4.125000000000201e-01
	2.737682237425353e+00

 161	5.917500000000001e-08
	0.000000000000000e+00
	0.000000000000000e+00
	3.300000000000000e+00
	5.775000000000107e-01
	2.737728413334721e+00

 162	5.927500000000001e-08
	0.000000000000000e+00
	0.000000000000000e+00
	3.300000000000000e+00
	9.075000000000136e-01
	2.737764387911128e+00

 163	5.947500000000001e-08
	0.000000000000000e+00
	0.000000000000000e+00
	3.300000000000000e+00
	1.567500000000020e+00
	2.737804917887351e+00

 164	5.950863118204652e-08
	0.000000000000000e+00
	0.000000000000000e+00
	3.300000000000000e+00
	1.678482900753497e+00
	2.737807796882797e+00

 165	5.951703897755815e-08
	0.000000000000000e+00
	0.000000000000000e+00
	3.300000000000000e+00
	1.706228625941872e+00
	2.737808525655866e+00

 166	5.953385456858140e-08
	0.000000000000000e+00
	0.000000000000000e+00
	3.300000000000000e+00
	1.761720076318622e+00
	2.737809882511630e+00

 167	5.956748575062791e-08
	0.000000000000000e+00
	0.000000000000000e+00
	3.300000000000000e+00
	1.872702977072100e+00
	2.737812243709377e+00

 168	5.963474811472093e-08
	0.000000000000000e+00
	0.000000000000000e+00
	3.300000000000000e+00
	2.094668778579055e+00
	2.737816117735554e+00

 169	5.976927284290698e-08
	0.000000000000000e+00
	0.000000000000000e+00
	3.300000000000000e+00
	2.538600381593010e+00
	2.737821714723819e+00

 170	5.979811373754361e-08
	0.000000000000000e+00
	0.000000000000000e+00
	3.300000000000000e+00
	2.633775333893892e+00
	2.737822675604348e+00

 171	5.980532396120276e-08
	0.000000000000000e+00
	0.000000000000000e+00
	3.300000000000000e+00
	2.657569071969112e+00
	2.737822906148052e+00

 172	5.981974440852108e-08
	0.000000000000000e+00
	0.000000000000000e+00
	3.300000000000000e+00
	2.705156548119553e+00
	2.737823356324825e+00

 173	5.984858530315771e-08
	0.000000000000000e+00
	0.000000000000000e+00
	3.300000000000000e+00
	2.800331500420435e+00
	2.737824151527425e+00

 174	5.985579552681687e-08
	0.000000000000000e+00
	0.000000000000000e+00
	3.300000000000000e+00
	2.824125238495655e+00
	2.737824304239980e+00

 175	5.987021597413518e-08
	0.000000000000000e+00
	0.000000000000000e+00
	3.300000000000000e+00
	2.871712714646096e+00
	2.737824550540463e+00

 176	5.989905686877181e-08
	0.000000000000000e+00
	0.000000000000000e+00
	3.300000000000000e+00
	2.966887666946977e+00
	2.737824802336802e+00

 177	5.995673865804507e-08
	0.000000000000000e+00
	0.000000000000000e+00
	3.300000000000000e+00
	3.157237571548740e+00
	2.737824381545506e+00

 178	6.000000000000001e-08
	0.000000000000000e+00
	0.000000000000000e+00
	3.300000000000000e+00
	3.300000000000000e+00
	2.737823226592340e+00

 179	6.001153635785466e-08
	0.000000000000000e+00
	0.000000000000000e+00
	3.300000000000000e+00
	3.300000000000000e+00
	2.737823278210613e+00

 180	6.003460907356396e-08
	0.000000000000000e+00
	0.000000000000000e+00
	3.300000000000000e+00
	3.300000000000000e+00
	2.737823452880037e+00

 181	6.008075450498257e-08
	0.000000000000000e+00
	0.000000000000000e+00
	3.300000000000000e+00
	3.300000000000000e+00
	2.737823810316931e+00

 182	6.017304536781978e-08
	0.000000000000000e+00
	0.000000000000000e+00
	3.300000000000000e+00
	3.300000000000000e+00
	2.737824492617692e+00

 183	6.035762709349420e-08
	0.000000000000000e+00
	0.000000000000000e+00
	3.300000000000000e+00
	3.300000000000000e+00
	2.737825793969974e+00

 184	6.072679054484306e-08
	0.000000000000000e+00
	0.000000000000000e+00
	3.300000000000000e+00
	3.300000000000000e+00
	2.737828123953694e+00

 185	6.146511744754077e-08
	0.000000000000000e+00
	0.000000000000000e+00
	3.300000000000000e+00
	3.300000000000000e+00
	2.737831984705665e+00

 186	6.246511744754076e-08
	0.000000000000000e+00
	0.000000000000000e+00
	3.300000000000000e+00
	3.300000000000000e+00
	2.737835978530114e+00

 187	6.259011744754076e-08
	0.000000000000000e+00
	0.000000000000000e+00
	3.300000000000000e+00
	3.300000000000000e+00
	2.737836404696070e+00

 188	6.262136744754076e-08
	0.000000000000000e+00
	0.000000000000000e+00
	3.300000000000000e+00
	3.300000000000000e+00
	2.737836508195540e+00

 189	6.268386744754076e-08
	0.000000000000000e+00
	0.000000000000000e+00
	3.300000000000000e+00
	3.300000000000000e+00
	2.737836713574926e+00

 190	6.280886744754076e-08
	0.000000000000000e+00
	0.000000000000000e+00
	3.300000000000000e+00
	3.300000000000000e+00
	2.737837115140600e+00

 191	6.305886744754077e-08
	0.000000000000000e+00
	0.000000000000000e+00
	3.300000000000000e+00
	3.300000000000000e+00
	2.737837883815076e+00

 192	6.355886744754076e-08
	0.000000000000000e+00
	0.000000000000000e+00
	3.300000000000000e+00
	3.300000000000000e+00
	2.737839299227300e+00

 193	6.455886744754076e-08
	0.000000000000000e+00
	0.000000000000000e+00
	3.300000000000000e+00
	3.300000000000000e+00
	2.737841739427990e+00

 194	6.555886744754076e-08
	0.000000000000000e+00
	0.000000000000000e+00
	3.300000000000000e+00
	3.300000000000000e+00
	2.737843774897341e+00

 195	6.655886744754075e-08
	0.000000000000000e+00
	0.000000000000000e+00
	3.300000000000000e+00
	3.300000000000000e+00
	2.737845518584178e+00

 196	6.755886744754075e-08
	0.000000000000000e+00
	0.000000000000000e+00
	3.300000000000000e+00
	3.300000000000000e+00
	2.737847043521359e+00

 197	6.855886744754074e-08
	0.000000000000000e+00
	0.000000000000000e+00
	3.300000000000000e+00
	3.300000000000000e+00
	2.737848399703855e+00

 198	6.955886744754074e-08
	0.000000000000000e+00
	0.000000000000000e+00
	3.300000000000000e+00
	3.300000000000000e+00
	2.737849622623201e+00

 199	7.055886744754073e-08
	0.000000000000000e+00
	0.000000000000000e+00
	3.300000000000000e+00
	3.300000000000000e+00
	2.737850738193921e+00

 200	7.155886744754073e-08
	0.000000000000000e+00
	0.000000000000000e+00
	3.300000000000000e+00
	3.300000000000000e+00
	2.737851765794530e+00

 201	7.255886744754073e-08
	0.000000000000000e+00
	0.000000000000000e+00
	3.300000000000000e+00
	3.300000000000000e+00
	2.737852720225246e+00

 202	7.355886744754072e-08
	0.000000000000000e+00
	0.000000000000000e+00
	3.300000000000000e+00
	3.300000000000000e+00
	2.737853612992479e+00

 203	7.455886744754072e-08
	0.000000000000000e+00
	0.000000000000000e+00
	3.300000000000000e+00
	3.300000000000000e+00
	2.737854453190337e+00

 204	7.555886744754071e-08
	0.000000000000000e+00
	0.000000000000000e+00
	3.300000000000000e+00
	3.300000000000000e+00
	2.737855248104438e+00

 205	7.655886744754071e-08
	0.000000000000000e+00
	0.000000000000000e+00
	3.300000000000000e+00
	3.300000000000000e+00
	2.737856003650241e+00

 206	7.755886744754070e-08
	0.000000000000000e+00
	0.000000000000000e+00
	3.300000000000000e+00
	3.300000000000000e+00
	2.737856724681065e+00

 207	7.855886744754070e-08
	0.000000000000000e+00
	0.000000000000000e+00
	3.300000000000000e+00
	3.300000000000000e+00
	2.737857415224326e+00

 208	7.900000000000001e-08
	0.000000000000000e+00
	0.000000000000000e+00
	3.300000000000000e+00
	3.300000000000000e+00
	2.737857710959105e+00

 209	7.910000000000000e-08
	0.000000000000000e+00
	3.299999999999811e-01
	3.300000000000000e+00
	3.300000000000000e+00
	2.737458564155959e+00

 210	7.930000000000000e-08
	0.000000000000000e+00
	9.899999999999870e-01
	3.300000000000000e+00
	3.300000000000000e+00
	2.738226173981042e+00

 211	7.964731379920586e-08
	0.000000000000000e+00
	2.136135537379328e+00
	3.300000000000000e+00
	3.300000000000000e+00
	2.738488853231076e+00

 212	8.000000000000000e-08
	0.000000000000000e+00
	3.300000000000000e+00
	3.300000000000000e+00
	3.300000000000000e+00
	2.738534074754801e+00

 213	8.003582827995797e-08
	0.000000000000000e+00
	3.300000000000000e+00
	3.181766676138708e+00
	3.181766676138708e+00
	2.738540866749641e+00

 214	8.010748483987390e-08
	0.000000000000000e+00
	3.300000000000000e+00
	2.945300028416124e+00
	2.945300028416124e+00
	2.738536369833631e+00

 215	8.025079795970579e-08
	0.000000000000000e+00
	3.300000000000000e+00
	2.472366732970912e+00
	2.472366732970912e+00
	2.738497051422461e+00

 216	8.053742419936954e-08
	0.000000000000000e+00
	3.300000000000000e+00
	1.526500142080532e+00
	1.526500142080532e+00
	2.738366469478076e+00

 217	8.100000000000000e-08
	0.000000000000000e+00
	3.300000000000000e+00
	1.421085471520200e-14
	1.421085471520200e-14
	2.737622436015701e+00

 218	8.105732524793275e-08
	0.000000000000000e+00
	3.300000000000000e+00
	0.000000000000000e+00
	0.000000000000000e+00
	2.737592632571503e+00

 219	8.117197574379825e-08
	0.000000000000000e+00
	3.300000000000000e+00
	0.000000000000000e+00
	0.000000000000000e+00
	2.737590166146677e+00

 220	8.140127673552925e-08
	0.000000000000000e+00
	3.300000000000000e+00
	0.000000000000000e+00
	0.000000000000000e+00
	2.737635493719023e+00

 221	8.185987871899125e-08
	0.000000000000000e+00
	3.300000000000000e+00
	0.000000000000000e+00
	0.000000000000000e+00
	2.737768259638552e+00

 222	8.277708268591527e-08
	0.000000000000000e+00
	3.300000000000000e+00
	0.000000000000000e+00
	0.000000000000000e+00
	2.737887823874463e+00

 223	8.377708268591527e-08
	0.000000000000000e+00
	3.300000000000000e+00
	0.000000000000000e+00
	0.000000000000000e+00
	2.737937247142691e+00

 224	8.477708268591526e-08
	0.000000000000000e+00
	3.300000000000000e+00
	0.000000000000000e+00
	0.000000000000000e+00
	2.737963582611306e+00

 225	8.577708268591526e-08
	0.000000000000000e+00
	3.300000000000000e+00
	0.000000000000000e+00
	0.000000000000000e+00
	2.737980708472600e+00

 226	8.677708268591525e-08
	0.000000000000000e+00
	3.300000000000000e+00
	0.000000000000000e+00
	0.000000000000000e+00
	2.737993422879902e+00

 227	8.777708268591525e-08
	0.000000000000000e+00
	3.300000000000000e+00
	0.000000000000000e+00
	0.000000000000000e+00
	2.738002611474725e+00

 228	8.877708268591524e-08
	0.000000000000000e+00
	3.300000000000000e+00
	0.000000000000000e+00
	0.000000000000000e+00
	2.738010053585834e+00

 229	8.977708268591524e-08
	0.000000000000000e+00
	3.300000000000000e+00
	0.000000000000000e+00
	0.000000000000000e+00
	2.738015724474639e+00

 230	9.077708268591524e-08
	0.000000000000000e+00
	3.300000000000000e+00
	0.000000000000000e+00
	0.000000000000000e+00
	2.738020716071780e+00

 231	9.177708268591523e-08
	0.000000000000000e+00
	3.300000000000000e+00
	0.000000000000000e+00
	0.000000000000000e+00
	2.738024609519375e+00

 232	9.277708268591523e-08
	0.000000000000000e+00
	3.300000000000000e+00
	0.000000000000000e+00
	0.000000000000000e+00
	2.738028269061979e+00

 233	9.377708268591522e-08
	0.000000000000000e+00
	3.300000000000000e+00
	0.000000000000000e+00
	0.000000000000000e+00
	2.738031137854814e+00

 234	9.477708268591522e-08
	0.000000000000000e+00
	3.300000000000000e+00
	0.000000000000000e+00
	0.000000000000000e+00
	2.738033990630338e+00

 235	9.577708268591521e-08
	0.000000000000000e+00
	3.300000000000000e+00
	0.000000000000000e+00
	0.000000000000000e+00
	2.738036212617279e+00

 236	9.677708268591521e-08
	0.000000000000000e+00
	3.300000000000000e+00
	0.000000000000000e+00
	0.000000000000000e+00
	2.738038537513456e+00

 237	9.777708268591521e-08
	0.000000000000000e+00
	3.300000000000000e+00
	0.000000000000000e+00
	0.000000000000000e+00
	2.738040323179987e+00

 238	9.877708268591520e-08
	0.000000000000000e+00
	3.300000000000000e+00
	0.000000000000000e+00
	0.000000000000000e+00
	2.738042282126924e+00

 239	9.900000000000000e-08
	0.000000000000000e+00
	3.300000000000000e+00
	0.000000000000000e+00
	0.000000000000000e+00
	2.738042490378916e+00

 240	9.909999999999999e-08
	0.000000000000000e+00
	3.300000000000000e+00
	0.000000000000000e+00
	3.299999999999702e-01
	2.738119272398033e+00

 241	9.930000000000000e-08
	0.000000000000000e+00
	3.300000000000000e+00
	0.000000000000000e+00
	9.899999999999760e-01
	2.738378654542477e+00

 242	9.970000000000000e-08
	0.000000000000000e+00
	3.300000000000000e+00
	0.000000000000000e+00
	2.309999999999988e+00
	2.738443513885526e+00

 243	1.000000000000000e-07
	0.000000000000000e+00
	3.300000000000000e+00
	0.000000000000000e+00
	3.299999999999975e+00
	2.738448569558965e+00

 244	1.000395591234219e-07
	0.000000000000000e+00
	3.300000000000000e+00
	0.000000000000000e+00
	3.300000000000000e+00
	2.738448862894761e+00

 245	1.001186773702658e-07
	0.000000000000000e+00
	3.300000000000000e+00
	0.000000000000000e+00
	3.300000000000000e+00
	2.738449687962039e+00

 246	1.002769138639534e-07
	0.000000000000000e+00
	3.300000000000000e+00
	0.000000000000000e+00
	3.300000000000000e+00
	2.738451315442968e+00

 247	1.005933868513288e-07
	0.000000000000000e+00
	3.300000000000000e+00
	0.000000000000000e+00
	3.300000000000000e+00
	2.738454243817078e+00

 248	1.012263328260796e-07
	0.000000000000000e+00
	3.300000000000000e+00
	0.000000000000000e+00
	3.300000000000000e+00
	2.738459264656555e+00

 249	1.022263328260796e-07
	0.000000000000000e+00
	3.300000000000000e+00
	0.000000000000000e+00
	3.300000000000000e+00
	2.738465380238832e+00

 250	1.032263328260796e-07
	0.000000000000000e+00
	3.300000000000000e+00
	0.000000000000000e+00
	3.300000000000000e+00
	2.738470018859889e+00

 251	1.042263328260796e-07
	0.000000000000000e+00
	3.300000000000000e+00
	0.000000000000000e+00
	3.300000000000000e+00
	2.738473620470858e+00

 252	1.052263328260796e-07
	0.000000000000000e+00
	3.300000000000000e+00
	0.000000000000000e+00
	3.300000000000000e+00
	2.738476549711019e+00

 253	1.062263328260796e-07
	0.000000000000000e+00
	3.300000000000000e+00
	0.000000000000000e+00
	3.300000000000000e+00
	2.738478924823719e+00

 254	1.072263328260795e-07
	0.000000000000000e+00
	3.300000000000000e+00
	0.000000000000000e+00
	3.300000000000000e+00
	2.738480944962884e+00

 255	1.082263328260795e-07
	0.000000000000000e+00
	3.300000000000000e+00
	0.000000000000000e+00
	3.300000000000000e+00
	2.738482628261752e+00

 256	1.092263328260795e-07
	0.000000000000000e+00
	3.300000000000000e+00
	0.000000000000000e+00
	3.300000000000000e+00
	2.738484107576990e+00

 257	1.102263328260795e-07
	0.000000000000000e+00
	3.300000000000000e+00
	0.000000000000000e+00
	3.300000000000000e+00
	2.738485360685742e+00

 258	1.112263328260795e-07
	0.000000000000000e+00
	3.300000000000000e+00
	0.000000000000000e+00
	3.300000000000000e+00
	2.738486492317555e+00

 259	1.122263328260795e-07
	0.000000000000000e+00
	3.300000000000000e+00
	0.000000000000000e+00
	3.300000000000000e+00
	2.738487460040833e+00

 260	1.132263328260795e-07
	0.000000000000000e+00
	3.300000000000000e+00
	0.000000000000000e+00
	3.300000000000000e+00
	2.738488354246638e+00

 261	1.142263328260795e-07
	0.000000000000000e+00
	3.300000000000000e+00
	0.000000000000000e+00
	3.300000000000000e+00
	2.738489122917311e+00

 262	1.152263328260795e-07
	0.000000000000000e+00
	3.300000000000000e+00
	0.000000000000000e+00
	3.300000000000000e+00
	2.738489847942231e+00

 263	1.162263328260795e-07
	0.000000000000000e+00
	3.300000000000000e+00
	0.000000000000000e+00
	3.300000000000000e+00
	2.738490471994686e+00

 264	1.172263328260795e-07
	0.000000000000000e+00
	3.300000000000000e+00
	0.000000000000000e+00
	3.300000000000000e+00
	2.738491072063163e+00

 265	1.182263328260795e-07
	0.000000000000000e+00
	3.300000000000000e+00
	0.000000000000000e+00
	3.300000000000000e+00
	2.738491587741314e+00

 266	1.190000000000000e-07
	0.000000000000000e+00
	3.300000000000000e+00
	0.000000000000000e+00
	3.300000000000000e+00
	2.738491985815084e+00

 267	1.191000000000000e-07
	0.000000000000000e+00
	3.300000000000000e+00
	3.299999999999375e-01
	3.300000000000000e+00
	2.738135266796271e+00

 268	1.193000000000000e-07
	0.000000000000000e+00
	3.300000000000000e+00
	9.899999999999434e-01
	3.300000000000000e+00
	2.738251449129901e+00

 269	1.197000000000000e-07
	0.000000000000000e+00
	3.300000000000000e+00
	2.309999999999955e+00
	3.300000000000000e+00
	2.738533480315497e+00

 270	1.200000000000000e-07
	0.000000000000000e+00
	3.300000000000000e+00
	3.299999999999942e+00
	3.300000000000000e+00
	2.738544890225807e+00

 271	1.200412491013994e-07
	0.000000000000000e+00
	3.300000000000000e+00
	3.300000000000000e+00
	3.163877965382080e+00
	2.738554285370620e+00

 272	1.201237473041982e-07
	0.000000000000000e+00
	3.300000000000000e+00
	3.300000000000000e+00
	2.891633896146065e+00
	2.738552559933642e+00

 273	1.202887437097958e-07
	0.000000000000000e+00
	3.300000000000000e+00
	3.300000000000000e+00
	2.347145757673948e+00
	2.738521052187715e+00

 274	1.206187365209910e-07
	0.000000000000000e+00
	3.300000000000000e+00
	3.300000000000000e+00
	1.258169480729713e+00
	2.738364144361501e+00

 275	1.210000000000000e-07
	0.000000000000000e+00
	3.300000000000000e+00
	3.300000000000000e+00
	1.016964290556643e-13
	2.737669903737713e+00

 276	1.210659985622390e-07
	0.000000000000000e+00
	3.300000000000000e+00
	3.300000000000000e+00
	0.000000000000000e+00
	2.737670852713201e+00

 277	1.211979956867171e-07
	0.000000000000000e+00
	3.300000000000000e+00
	3.300000000000000e+00
	0.000000000000000e+00
	2.737744036877460e+00

 278	1.214619899356733e-07
	0.000000000000000e+00
	3.300000000000000e+00
	3.300000000000000e+00
	0.000000000000000e+00
	2.737863010174472e+00

 279	1.219899784335857e-07
	0.000000000000000e+00
	3.300000000000000e+00
	3.300000000000000e+00
	0.000000000000000e+00
	2.737968506959858e+00

 280	1.229899784335856e-07
	0.000000000000000e+00
	3.300000000000000e+00
	3.300000000000000e+00
	0.000000000000000e+00
	2.738033130700467e+00

 281	1.239899784335856e-07
	0.000000000000000e+00
	3.300000000000000e+00
	3.300000000000000e+00
	0.000000000000000e+00
	2.738054023855202e+00

 282	1.249899784335856e-07
	0.000000000000000e+00
	3.300000000000000e+00
	3.300000000000000e+00
	0.000000000000000e+00
	2.738065514541635e+00

 283	1.259899784335856e-07
	0.000000000000000e+00
	3.300000000000000e+00
	3.300000000000000e+00
	0.000000000000000e+00
	2.738072636902090e+00

 284	1.269899784335856e-07
	0.000000000000000e+00
	3.300000000000000e+00
	3.300000000000000e+00
	0.000000000000000e+00
	2.738076450510530e+00

 285	1.279899784335856e-07
	0.000000000000000e+00
	3.300000000000000e+00
	3.300000000000000e+00
	0.000000000000000e+00
	2.738082237732482e+00

 286	1.289899784335856e-07
	0.000000000000000e+00
	3.300000000000000e+00
	3.300000000000000e+00
	0.000000000000000e+00
	2.738085511896097e+00

 287	1.299899784335856e-07
	0.000000000000000e+00
	3.300000000000000e+00
	3.300000000000000e+00
	0.000000000000000e+00
	2.738087860617977e+00

 288	1.309899784335856e-07
	0.000000000000000e+00
	3.300000000000000e+00
	3.300000000000000e+00
	0.000000000000000e+00
	2.738090167712443e+00

 289	1.319899784335856e-07
	0.000000000000000e+00
	3.300000000000000e+00
	3.300000000000000e+00
	0.000000000000000e+00
	2.738091814394366e+00

 290	1.329899784335856e-07
	0.000000000000000e+00
	3.300000000000000e+00
	3.300000000000000e+00
	0.000000000000000e+00
	2.738093596365563e+00

 291	1.339899784335856e-07
	0.000000000000000e+00
	3.300000000000000e+00
	3.300000000000000e+00
	0.000000000000000e+00
	2.738094838046298e+00

 292	1.349899784335856e-07
	0.000000000000000e+00
	3.300000000000000e+00
	3.300000000000000e+00
	0.000000000000000e+00
	2.738096299723489e+00

 293	1.359899784335856e-07
	0.000000000000000e+00
	3.300000000000000e+00
	3.300000000000000e+00
	0.000000000000000e+00
	2.738097138594821e+00

 294	1.369899784335856e-07
	0.000000000000000e+00
	3.300000000000000e+00
	3.300000000000000e+00
	0.000000000000000e+00
	2.738098533269707e+00

 295	1.379899784335856e-07
	0.000000000000000e+00
	3.300000000000000e+00
	3.300000000000000e+00
	0.000000000000000e+00
	2.738099343317887e+00

 296	1.389899784335856e-07
	0.000000000000000e+00
	3.300000000000000e+00
	3.300000000000000e+00
	0.000000000000000e+00
	2.738100446251842e+00

 297	1.390000000000000e-07
	0.000000000000000e+00
	3.300000000000000e+00
	3.300000000000000e+00
	0.000000000000000e+00
	2.738100281208415e+00

 298	1.390200431328289e-07
	0.000000000000000e+00
	3.300000000000000e+00
	3.300000000000000e+00
	6.614233833525313e-02
	2.738096380299117e+00

 299	1.390601293984866e-07
	0.000000000000000e+00
	3.300000000000000e+00
	3.300000000000000e+00
	1.984270150057812e-01
	2.738060235028042e+00

 300	1.391403019298021e-07
	0.000000000000000e+00
	3.300000000000000e+00
	3.300000000000000e+00
	4.629963683468374e-01
	2.737866014701541e+00

 301	1.393006469924330e-07
	0.000000000000000e+00
	3.300000000000000e+00
	3.300000000000000e+00
	9.921350750289499e-01
	2.738180837798275e+00

 302	1.395392991189154e-07
	0.000000000000000e+00
	3.300000000000000e+00
	3.300000000000000e+00
	1.779687092420746e+00
	2.738483145585210e+00

 303	1.398424522041475e-07
	0.000000000000000e+00
	3.300000000000000e+00
	3.300000000000000e+00
	2.780092273686697e+00
	2.738576854793058e+00

 304	1.400000000000000e-07
	0.000000000000000e+00
	3.300000000000000e+00
	3.300000000000000e+00
	3.299999999999975e+00
	2.738605926932338e+00

 305	1.400544681525488e-07
	0.000000000000000e+00
	3.300000000000000e+00
	3.300000000000000e+00
	3.300000000000000e+00
	2.738600851183017e+00

 306	1.401634044576465e-07
	0.000000000000000e+00
	3.300000000000000e+00
	3.300000000000000e+00
	3.300000000000000e+00
	2.738605630138720e+00

 307	1.403812770678418e-07
	0.000000000000000e+00
	3.300000000000000e+00
	3.300000000000000e+00
	3.300000000000000e+00
	2.738611214848325e+00

 308	1.408170222882324e-07
	0.000000000000000e+00
	3.300000000000000e+00
	3.300000000000000e+00
	3.300000000000000e+00
	2.738620035693800e+00

 309	1.416885127290136e-07
	0.000000000000000e+00
	3.300000000000000e+00
	3.300000000000000e+00
	3.300000000000000e+00
	2.738632961993709e+00

 310	1.426885127290136e-07
	0.000000000000000e+00
	3.300000000000000e+00
	3.300000000000000e+00
	3.300000000000000e+00
	2.738640357695130e+00

 311	1.436885127290136e-07
	0.000000000000000e+00
	3.300000000000000e+00
	3.300000000000000e+00
	3.300000000000000e+00
	2.738646538249896e+00

 312	1.446885127290136e-07
	0.000000000000000e+00
	3.300000000000000e+00
	3.300000000000000e+00
	3.300000000000000e+00
	2.738651552766216e+00

 313	1.456885127290136e-07
	0.000000000000000e+00
	3.300000000000000e+00
	3.300000000000000e+00
	3.300000000000000e+00
	2.738655617936543e+00

 314	1.466885127290136e-07
	0.000000000000000e+00
	3.300000000000000e+00
	3.300000000000000e+00
	3.300000000000000e+00
	2.738657340803715e+00

 315	1.476885127290136e-07
	0.000000000000000e+00
	3.300000000000000e+00
	3.300000000000000e+00
	3.300000000000000e+00
	2.738659812327612e+00

 316	1.486885127290136e-07
	0.000000000000000e+00
	3.300000000000000e+00
	3.300000000000000e+00
	3.300000000000000e+00
	2.738661916137398e+00

 317	1.496885127290136e-07
	0.000000000000000e+00
	3.300000000000000e+00
	3.300000000000000e+00
	3.300000000000000e+00
	2.738663873753389e+00

 318	1.506885127290136e-07
	0.000000000000000e+00
	3.300000000000000e+00
	3.300000000000000e+00
	3.300000000000000e+00
	2.738665290911885e+00

 319	1.516885127290135e-07
	0.000000000000000e+00
	3.300000000000000e+00
	3.300000000000000e+00
	3.300000000000000e+00
	2.738666721977216e+00

 320	1.526885127290135e-07
	0.000000000000000e+00
	3.300000000000000e+00
	3.300000000000000e+00
	3.300000000000000e+00
	2.738667725783763e+00

 321	1.536885127290135e-07
	0.000000000000000e+00
	3.300000000000000e+00
	3.300000000000000e+00
	3.300000000000000e+00
	2.738668828454921e+00

 322	1.546885127290135e-07
	0.000000000000000e+00
	3.300000000000000e+00
	3.300000000000000e+00
	3.300000000000000e+00
	2.738669568307821e+00

 323	1.556885127290135e-07
	0.000000000000000e+00
	3.300000000000000e+00
	3.300000000000000e+00
	3.300000000000000e+00
	2.738670448232801e+00

 324	1.566885127290135e-07
	0.000000000000000e+00
	3.300000000000000e+00
	3.300000000000000e+00
	3.300000000000000e+00
	2.738671007035182e+00

 325	1.576885127290135e-07
	0.000000000000000e+00
	3.300000000000000e+00
	3.300000000000000e+00
	3.300000000000000e+00
	2.738671736589667e+00

 326	1.586885127290135e-07
	0.000000000000000e+00
	3.300000000000000e+00
	3.300000000000000e+00
	3.300000000000000e+00
	2.738672159841125e+00

 327	1.590000000000000e-07
	0.000000000000000e+00
	3.300000000000000e+00
	3.300000000000000e+00
	3.300000000000000e+00
	2.738672440829380e+00

 328	1.591000000000000e-07
	3.300000000000248e-01
	3.300000000000000e+00
	3.300000000000000e+00
	3.300000000000000e+00
	2.738531349462078e+00

 329	1.593000000000000e-07
	9.899999999999870e-01
	3.300000000000000e+00
	3.300000000000000e+00
	3.300000000000000e+00
	2.740142261399078e+00

 330	1.596281308775981e-07
	2.072831896073546e+00
	3.300000000000000e+00
	3.300000000000000e+00
	3.300000000000000e+00
	2.740308544522047e+00

 331	1.599682194357339e-07
	3.195124137921884e+00
	3.300000000000000e+00
	3.300000000000000e+00
	3.300000000000000e+00
	2.740307197620448e+00

 332	1.600000000000000e-07
	3.300000000000000e+00
	3.300000000000000e+00
	3.300000000000000e+00
	3.300000000000000e+00
	2.740318783413712e+00

 333	1.600635611285322e-07
	3.300000000000000e+00
	3.090248275843797e+00
	3.090248275843797e+00
	3.090248275843797e+00
	2.740324415919470e+00

 334	1.601906833855966e-07
	3.300000000000000e+00
	2.670744827531390e+00
	2.670744827531390e+00
	2.670744827531390e+00
	2.740304022840774e+00

 335	1.604449278997253e-07
	3.300000000000000e+00
	1.831737930906575e+00
	1.831737930906575e+00
	1.831737930906575e+00
	2.740166373874902e+00

 336	1.609534169279827e-07
	3.300000000000000e+00
	1.537241376569467e-01
	1.537241376569467e-01
	1.537241376569467e-01
	2.737863741062536e+00

 337	1.610000000000000e-07
	3.300000000000000e+00
	1.421085471520200e-14
	1.421085471520200e-14
	1.421085471520200e-14
	2.737579461354797e+00

 338	1.610931661440345e-07
	3.300000000000000e+00
	0.000000000000000e+00
	0.000000000000000e+00
	0.000000000000000e+00
	2.737303025942685e+00

 339	1.612794984321035e-07
	3.300000000000000e+00
	0.000000000000000e+00
	0.000000000000000e+00
	0.000000000000000e+00
	2.737059382892777e+00

 340	1.616521630082415e-07
	3.300000000000000e+00
	0.000000000000000e+00
	0.000000000000000e+00
	0.000000000000000e+00
	2.736974997679337e+00

 341	1.623974921605176e-07
	3.300000000000000e+00
	0.000000000000000e+00
	0.000000000000000e+00
	0.000000000000000e+00
	2.736952287320526e+00

 342	1.633974921605176e-07
	3.300000000000000e+00
	0.000000000000000e+00
	0.000000000000000e+00
	0.000000000000000e+00
	2.736946733627314e+00

 343	1.643974921605176e-07
	3.300000000000000e+00
	0.000000000000000e+00
	0.000000000000000e+00
	0.000000000000000e+00
	2.736943168074498e+00

 344	1.653974921605176e-07
	3.300000000000000e+00
	0.000000000000000e+00
	0.000000000000000e+00
	0.000000000000000e+00
	2.736942818863976e+00

 345	1.663974921605176e-07
	3.300000000000000e+00
	0.000000000000000e+00
	0.000000000000000e+00
	0.000000000000000e+00
	2.736942242551612e+00

 346	1.673974921605175e-07
	3.300000000000000e+00
	0.000000000000000e+00
	0.000000000000000e+00
	0.000000000000000e+00
	2.736942438034421e+00

 347	1.683974921605175e-07
	3.300000000000000e+00
	0.000000000000000e+00
	0.000000000000000e+00
	0.000000000000000e+00
	2.736942331637322e+00

 348	1.693974921605175e-07
	3.300000000000000e+00
	0.000000000000000e+00
	0.000000000000000e+00
	0.000000000000000e+00
	2.736942909667055e+00

 349	1.703974921605175e-07
	3.300000000000000e+00
	0.000000000000000e+00
	0.000000000000000e+00
	0.000000000000000e+00
	2.736943058210456e+00

 350	1.713974921605175e-07
	3.300000000000000e+00
	0.000000000000000e+00
	0.000000000000000e+00
	0.000000000000000e+00
	2.736943821825300e+00

 351	1.723974921605175e-07
	3.300000000000000e+00
	0.000000000000000e+00
	0.000000000000000e+00
	0.000000000000000e+00
	2.736944117629191e+00

 352	1.733974921605175e-07
	3.300000000000000e+00
	0.000000000000000e+00
	0.000000000000000e+00
	0.000000000000000e+00
	2.736944990806293e+00

 353	1.743974921605175e-07
	3.300000000000000e+00
	0.000000000000000e+00
	0.000000000000000e+00
	0.000000000000000e+00
	2.736945372697264e+00

 354	1.745224921605175e-07
	3.300000000000000e+00
	0.000000000000000e+00
	0.000000000000000e+00
	0.000000000000000e+00
	2.736945587711602e+00

 355	1.747724921605175e-07
	3.300000000000000e+00
	0.000000000000000e+00
	0.000000000000000e+00
	0.000000000000000e+00
	2.736945755427930e+00

 356	1.752724921605175e-07
	3.300000000000000e+00
	0.000000000000000e+00
	0.000000000000000e+00
	0.000000000000000e+00
	2.736946095018301e+00

 357	1.762724921605175e-07
	3.300000000000000e+00
	0.000000000000000e+00
	0.000000000000000e+00
	0.000000000000000e+00
	2.736946794282496e+00

 358	1.772724921605175e-07
	3.300000000000000e+00
	0.000000000000000e+00
	0.000000000000000e+00
	0.000000000000000e+00
	2.736947513485536e+00

 359	1.782724921605175e-07
	3.300000000000000e+00
	0.000000000000000e+00
	0.000000000000000e+00
	0.000000000000000e+00
	2.736948250643533e+00

 360	1.790000000000000e-07
	3.300000000000000e+00
	0.000000000000000e+00
	0.000000000000000e+00
	0.000000000000000e+00
	2.736948101924968e+00

 361	1.791000000000000e-07
	3.300000000000000e+00
	0.000000000000000e+00
	0.000000000000000e+00
	3.300000000000139e-01
	2.737042797930036e+00

 362	1.791250000000000e-07
	3.300000000000000e+00
	0.000000000000000e+00
	0.000000000000000e+00
	4.125000000000201e-01
	2.737126995116371e+00

 363	1.791750000000000e-07
	3.300000000000000e+00
	0.000000000000000e+00
	0.000000000000000e+00
	5.775000000000324e-01
	2.737240114470722e+00

 364	1.792750000000000e-07
	3.300000000000000e+00
	0.000000000000000e+00
	0.000000000000000e+00
	9.075000000000573e-01
	2.737329184107119e+00

 365	1.793000000000000e-07
	3.300000000000000e+00
	0.000000000000000e+00
	0.000000000000000e+00
	9.900000000000635e-01
	2.737339024213772e+00

 366	1.793500000000000e-07
	3.300000000000000e+00
	0.000000000000000e+00
	0.000000000000000e+00
	1.155000000000076e+00
	2.737364186717079e+00

 367	1.794500000000000e-07
	3.300000000000000e+00
	0.000000000000000e+00
	0.000000000000000e+00
	1.485000000000101e+00
	2.737390986824289e+00

 368	1.794531250000000e-07
	3.300000000000000e+00
	0.000000000000000e+00
	0.000000000000000e+00
	1.495312500000123e+00
	2.737391168123535e+00

 369	1.794593750000000e-07
	3.300000000000000e+00
	0.000000000000000e+00
	0.000000000000000e+00
	1.515937500000081e+00
	2.737391771746822e+00

 370	1.794718750000000e-07
	3.300000000000000e+00
	0.000000000000000e+00
	0.000000000000000e+00
	1.557187500000084e+00
	2.737393037556465e+00

 371	1.794968750000000e-07
	3.300000000000000e+00
	0.000000000000000e+00
	0.000000000000000e+00
	1.639687500000091e+00
	2.737394975943170e+00

 372	1.795468750000000e-07
	3.300000000000000e+00
	0.000000000000000e+00
	0.000000000000000e+00
	1.804687500000103e+00
	2.737397650766753e+00

 373	1.796468750000000e-07
	3.300000000000000e+00
	0.000000000000000e+00
	0.000000000000000e+00
	2.134687500000128e+00
	2.737400050663807e+00

 374	1.798468750000000e-07
	3.300000000000000e+00
	0.000000000000000e+00
	0.000000000000000e+00
	2.794687500000090e+00
	2.737400051262379e+00

 375	1.798660156250000e-07
	3.300000000000000e+00
	0.000000000000000e+00
	0.000000000000000e+00
	2.857851562500054e+00
	2.737399652793368e+00

 376	1.799042968750000e-07
	3.300000000000000e+00
	0.000000000000000e+00
	0.000000000000000e+00
	2.984179687499981e+00
	2.737398255369615e+00

 377	1.799808593750000e-07
	3.300000000000000e+00
	0.000000000000000e+00
	0.000000000000000e+00
	3.236835937499924e+00
	2.737375521468516e+00

 378	1.800000000000000e-07
	3.300000000000000e+00
	0.000000000000000e+00
	0.000000000000000e+00
	3.299999999999975e+00
	2.737365655325079e+00

 379	1.800153125000000e-07
	3.300000000000000e+00
	0.000000000000000e+00
	0.000000000000000e+00
	3.300000000000000e+00
	2.737360834878143e+00

 380	1.800459375000000e-07
	3.300000000000000e+00
	0.000000000000000e+00
	0.000000000000000e+00
	3.300000000000000e+00
	2.737355953776036e+00

 381	1.801071875000000e-07
	3.300000000000000e+00
	0.000000000000000e+00
	0.000000000000000e+00
	3.300000000000000e+00
	2.737360568172772e+00

 382	1.802296874999999e-07
	3.300000000000000e+00
	0.000000000000000e+00
	0.000000000000000e+00
	3.300000000000000e+00
	2.737391852133886e+00

 383	1.804746874999999e-07
	3.300000000000000e+00
	0.000000000000000e+00
	0.000000000000000e+00
	3.300000000000000e+00
	2.737457616128103e+00

 384	1.809646874999998e-07
	3.300000000000000e+00
	0.000000000000000e+00
	0.000000000000000e+00
	3.300000000000000e+00
	2.737571032163529e+00

 385	1.819446874999996e-07
	3.300000000000000e+00
	0.000000000000000e+00
	0.000000000000000e+00
	3.300000000000000e+00
	2.737675015379536e+00

 386	1.829446874999996e-07
	3.300000000000000e+00
	0.000000000000000e+00
	0.000000000000000e+00
	3.300000000000000e+00
	2.737701255559390e+00

 387	1.839446874999996e-07
	3.300000000000000e+00
	0.000000000000000e+00
	0.000000000000000e+00
	3.300000000000000e+00
	2.737723387577851e+00

 388	1.849446874999995e-07
	3.300000000000000e+00
	0.000000000000000e+00
	0.000000000000000e+00
	3.300000000000000e+00
	2.737743086071944e+00

 389	1.859446874999995e-07
	3.300000000000000e+00
	0.000000000000000e+00
	0.000000000000000e+00
	3.300000000000000e+00
	2.737756452795731e+00

 390	1.869446874999995e-07
	3.300000000000000e+00
	0.000000000000000e+00
	0.000000000000000e+00
	3.300000000000000e+00
	2.737766030232396e+00

 391	1.879446874999995e-07
	3.300000000000000e+00
	0.000000000000000e+00
	0.000000000000000e+00
	3.300000000000000e+00
	2.737773393711686e+00

 392	1.889446874999995e-07
	3.300000000000000e+00
	0.000000000000000e+00
	0.000000000000000e+00
	3.300000000000000e+00
	2.737779129718092e+00

 393	1.899446874999995e-07
	3.300000000000000e+00
	0.000000000000000e+00
	0.000000000000000e+00
	3.300000000000000e+00
	2.737783852376500e+00

 394	1.909446874999995e-07
	3.300000000000000e+00
	0.000000000000000e+00
	0.000000000000000e+00
	3.300000000000000e+00
	2.737787699239453e+00

 395	1.919446874999995e-07
	3.300000000000000e+00
	0.000000000000000e+00
	0.000000000000000e+00
	3.300000000000000e+00
	2.737791024616682e+00

 396	1.929446874999995e-07
	3.300000000000000e+00
	0.000000000000000e+00
	0.000000000000000e+00
	3.300000000000000e+00
	2.737793809105517e+00

 397	1.939446874999995e-07
	3.300000000000000e+00
	0.000000000000000e+00
	0.000000000000000e+00
	3.300000000000000e+00
	2.737796307684815e+00

 398	1.949446874999995e-07
	3.300000000000000e+00
	0.000000000000000e+00
	0.000000000000000e+00
	3.300000000000000e+00
	2.737798436367708e+00

 399	1.959446874999995e-07
	3.300000000000000e+00
	0.000000000000000e+00
	0.000000000000000e+00
	3.300000000000000e+00
	2.737800405927184e+00

 400	1.969446874999995e-07
	3.300000000000000e+00
	0.000000000000000e+00
	0.000000000000000e+00
	3.300000000000000e+00
	2.737802102062070e+00

 401	1.979446874999995e-07
	3.300000000000000e+00
	0.000000000000000e+00
	0.000000000000000e+00
	3.300000000000000e+00
	2.737803713405411e+00

 402	1.989446874999995e-07
	3.300000000000000e+00
	0.000000000000000e+00
	0.000000000000000e+00
	3.300000000000000e+00
	2.737805109997151e+00

 403	1.990000000000000e-07
	3.300000000000000e+00
	0.000000000000000e+00
	0.000000000000000e+00
	3.300000000000000e+00
	2.737805224348148e+00

 404	1.991000000000000e-07
	3.300000000000000e+00
	0.000000000000000e+00
	3.299999999999811e-01
	3.300000000000000e+00
	2.737553214395244e+00

 405	1.993000000000000e-07
	3.300000000000000e+00
	0.000000000000000e+00
	9.899999999999434e-01
	3.300000000000000e+00
	2.739476700497619e+00

 406	1.996334104695252e-07
	3.300000000000000e+00
	0.000000000000000e+00
	2.090254549433183e+00
	3.300000000000000e+00
	2.739893946018888e+00

 407	2.000000000000000e-07
	3.300000000000000e+00
	0.000000000000000e+00
	3.299999999999942e+00
	3.300000000000000e+00
	2.739997823650650e+00

 408	2.000401004129343e-07
	3.300000000000000e+00
	0.000000000000000e+00
	3.300000000000000e+00
	3.167668637316755e+00
	2.740039240061341e+00

 409	2.001203012388029e-07
	3.300000000000000e+00
	0.000000000000000e+00
	3.300000000000000e+00
	2.903005911950264e+00
	2.740055012647238e+00

 410	2.002807028905402e-07
	3.300000000000000e+00
	0.000000000000000e+00
	3.300000000000000e+00
	2.373680461217370e+00
	2.740078339454310e+00

 411	2.006015061940147e-07
	3.300000000000000e+00
	0.000000000000000e+00
	3.300000000000000e+00
	1.315029559751581e+00
	2.740106362320137e+00

 412	2.010000000000000e-07
	3.300000000000000e+00
	0.000000000000000e+00
	3.300000000000000e+00
	1.421085471520200e-14
	2.740088255329397e+00

 413	2.010080200825868e-07
	3.300000000000000e+00
	0.000000000000000e+00
	3.300000000000000e+00
	0.000000000000000e+00
	2.740090719560583e+00

 414	2.010240602477606e-07
	3.300000000000000e+00
	0.000000000000000e+00
	3.300000000000000e+00
	0.000000000000000e+00
	2.740095475969229e+00

 415	2.010561405781080e-07
	3.300000000000000e+00
	0.000000000000000e+00
	3.300000000000000e+00
	0.000000000000000e+00
	2.740104113693612e+00

 416	2.010641606606949e-07
	3.300000000000000e+00
	0.000000000000000e+00
	3.300000000000000e+00
	0.000000000000000e+00
	2.740105999701812e+00

 417	2.010802008258686e-07
	3.300000000000000e+00
	0.000000000000000e+00
	3.300000000000000e+00
	0.000000000000000e+00
	2.740109715297812e+00

 418	2.011122811562160e-07
	3.300000000000000e+00
	0.000000000000000e+00
	3.300000000000000e+00
	0.000000000000000e+00
	2.740116525304989e+00

 419	2.011203012388029e-07
	3.300000000000000e+00
	0.000000000000000e+00
	3.300000000000000e+00
	0.000000000000000e+00
	2.740118079860309e+00

 420	2.011223062594496e-07
	3.300000000000000e+00
	0.000000000000000e+00
	3.300000000000000e+00
	0.000000000000000e+00
	2.740118466613627e+00

 421	2.011263163007430e-07
	3.300000000000000e+00
	0.000000000000000e+00
	3.300000000000000e+00
	0.000000000000000e+00
	2.740119236121321e+00

 422	2.011343363833299e-07
	3.300000000000000e+00
	0.000000000000000e+00
	3.300000000000000e+00
	0.000000000000000e+00
	2.740120746897382e+00

 423	2.011503765485036e-07
	3.300000000000000e+00
	0.000000000000000e+00
	3.300000000000000e+00
	0.000000000000000e+00
	2.740123661857787e+00

 424	2.011824568788510e-07
	3.300000000000000e+00
	0.000000000000000e+00
	3.300000000000000e+00
	0.000000000000000e+00
	2.740129114848159e+00

 425	2.012466175395459e-07
	3.300000000000000e+00
	0.000000000000000e+00
	3.300000000000000e+00
	0.000000000000000e+00
	2.740138801264713e+00

 426	2.012626577047197e-07
	3.300000000000000e+00
	0.000000000000000e+00
	3.300000000000000e+00
	0.000000000000000e+00
	2.740140955704925e+00

 427	2.012947380350671e-07
	3.300000000000000e+00
	0.000000000000000e+00
	3.300000000000000e+00
	0.000000000000000e+00
	2.740145133969655e+00

 428	2.013588986957620e-07
	3.300000000000000e+00
	0.000000000000000e+00
	3.300000000000000e+00
	0.000000000000000e+00
	2.740152782145068e+00

 429	2.013749388609358e-07
	3.300000000000000e+00
	0.000000000000000e+00
	3.300000000000000e+00
	0.000000000000000e+00
	2.740154523077340e+00

 430	2.013789489022292e-07
	3.300000000000000e+00
	0.000000000000000e+00
	3.300000000000000e+00
	0.000000000000000e+00
	2.740154957234716e+00

 431	2.013799514125525e-07
	3.300000000000000e+00
	0.000000000000000e+00
	3.300000000000000e+00
	0.000000000000000e+00
	2.740155065668223e+00

 432	2.013819564331992e-07
	3.300000000000000e+00
	0.000000000000000e+00
	3.300000000000000e+00
	0.000000000000000e+00
	2.740155282263371e+00

 433	2.013859664744927e-07
	3.300000000000000e+00
	0.000000000000000e+00
	3.300000000000000e+00
	0.000000000000000e+00
	2.740155713395871e+00

 434	2.013939865570795e-07
	3.300000000000000e+00
	0.000000000000000e+00
	3.300000000000000e+00
	0.000000000000000e+00
	2.740156567372157e+00

 435	2.014100267222533e-07
	3.300000000000000e+00
	0.000000000000000e+00
	3.300000000000000e+00
	0.000000000000000e+00
	2.740158243487847e+00

 436	2.014421070526007e-07
	3.300000000000000e+00
	0.000000000000000e+00
	3.300000000000000e+00
	0.000000000000000e+00
	2.740161476594235e+00

 437	2.015062677132956e-07
	3.300000000000000e+00
	0.000000000000000e+00
	3.300000000000000e+00
	0.000000000000000e+00
	2.740167522278969e+00

 438	2.016345890346854e-07
	3.300000000000000e+00
	0.000000000000000e+00
	3.300000000000000e+00
	0.000000000000000e+00
	2.740178258005929e+00

 439	2.018912316774650e-07
	3.300000000000000e+00
	0.000000000000000e+00
	3.300000000000000e+00
	0.000000000000000e+00
	2.740195898895526e+00

 440	2.024045169630242e-07
	3.300000000000000e+00
	0.000000000000000e+00
	3.300000000000000e+00
	0.000000000000000e+00
	2.740222080029453e+00

 441	2.034045169630242e-07
	3.300000000000000e+00
	0.000000000000000e+00
	3.300000000000000e+00
	0.000000000000000e+00
	2.740256396645600e+00

 442	2.044045169630242e-07
	3.300000000000000e+00
	0.000000000000000e+00
	3.300000000000000e+00
	0.000000000000000e+00
	2.740280749207337e+00

 443	2.054045169630242e-07
	3.300000000000000e+00
	0.000000000000000e+00
	3.300000000000000e+00
	0.000000000000000e+00
	2.740300172428447e+00

 444	2.064045169630241e-07
	3.300000000000000e+00
	0.000000000000000e+00
	3.300000000000000e+00
	0.000000000000000e+00
	2.740316250408311e+00

 445	2.074045169630241e-07
	3.300000000000000e+00
	0.000000000000000e+00
	3.300000000000000e+00
	0.000000000000000e+00
	2.740327101635178e+00

 446	2.084045169630241e-07
	3.300000000000000e+00
	0.000000000000000e+00
	3.300000000000000e+00
	0.000000000000000e+00
	2.740340016917443e+00

 447	2.094045169630241e-07
	3.300000000000000e+00
	0.000000000000000e+00
	3.300000000000000e+00
	0.000000000000000e+00
	2.740350998658402e+00

 448	2.104045169630241e-07
	3.300000000000000e+00
	0.000000000000000e+00
	3.300000000000000e+00
	0.000000000000000e+00
	2.740358201517414e+00

 449	2.114045169630241e-07
	3.300000000000000e+00
	0.000000000000000e+00
	3.300000000000000e+00
	0.000000000000000e+00
	2.740368335396317e+00

 450	2.124045169630241e-07
	3.300000000000000e+00
	0.000000000000000e+00
	3.300000000000000e+00
	0.000000000000000e+00
	2.740376767405069e+00

 451	2.134045169630241e-07
	3.300000000000000e+00
	0.000000000000000e+00
	3.300000000000000e+00
	0.000000000000000e+00
	2.740382767865314e+00

 452	2.144045169630241e-07
	3.300000000000000e+00
	0.000000000000000e+00
	3.300000000000000e+00
	0.000000000000000e+00
	2.740390963879091e+00

 453	2.154045169630241e-07
	3.300000000000000e+00
	0.000000000000000e+00
	3.300000000000000e+00
	0.000000000000000e+00
	2.740397827017389e+00

 454	2.164045169630241e-07
	3.300000000000000e+00
	0.000000000000000e+00
	3.300000000000000e+00
	0.000000000000000e+00
	2.740403222851849e+00

 455	2.174045169630241e-07
	3.300000000000000e+00
	0.000000000000000e+00
	3.300000000000000e+00
	0.000000000000000e+00
	2.740409943571007e+00

 456	2.184045169630241e-07
	3.300000000000000e+00
	0.000000000000000e+00
	3.300000000000000e+00
	0.000000000000000e+00
	2.740415731245732e+00

 457	2.190000000000000e-07
	3.300000000000000e+00
	0.000000000000000e+00
	3.300000000000000e+00
	0.000000000000000e+00
	2.740419038597511e+00

 458	2.191000000000000e-07
	3.300000000000000e+00
	0.000000000000000e+00
	3.300000000000000e+00
	3.300000000000139e-01
	2.740133086238817e+00

 459	2.193000000000000e-07
	3.300000000000000e+00
	0.000000000000000e+00
	3.300000000000000e+00
	9.899999999999760e-01
	2.740145551507185e+00

 460	2.196456630828235e-07
	3.300000000000000e+00
	0.000000000000000e+00
	3.300000000000000e+00
	2.130688173317463e+00
	2.740182573871455e+00

 461	2.200000000000000e-07
	3.300000000000000e+00
	0.000000000000000e+00
	3.300000000000000e+00
	3.299999999999975e+00
	2.740210799416861e+00

 462	2.200355230127135e-07
	3.300000000000000e+00
	0.000000000000000e+00
	3.300000000000000e+00
	3.300000000000000e+00
	2.740214105936170e+00

 463	2.201065690381406e-07
	3.300000000000000e+00
	0.000000000000000e+00
	3.300000000000000e+00
	3.300000000000000e+00
	2.740220458729164e+00

 464	2.202486610889948e-07
	3.300000000000000e+00
	0.000000000000000e+00
	3.300000000000000e+00
	3.300000000000000e+00
	2.740231977426695e+00

 465	2.205328451907031e-07
	3.300000000000000e+00
	0.000000000000000e+00
	3.300000000000000e+00
	3.300000000000000e+00
	2.740250915310407e+00

 466	2.211012133941197e-07
	3.300000000000000e+00
	0.000000000000000e+00
	3.300000000000000e+00
	3.300000000000000e+00
	2.740278135407066e+00

 467	2.221012133941197e-07
	3.300000000000000e+00
	0.000000000000000e+00
	3.300000000000000e+00
	3.300000000000000e+00
	2.740307271866018e+00

 468	2.231012133941197e-07
	3.300000000000000e+00
	0.000000000000000e+00
	3.300000000000000e+00
	3.300000000000000e+00
	2.740324338968151e+00

 469	2.241012133941197e-07
	3.300000000000000e+00
	0.000000000000000e+00
	3.300000000000000e+00
	3.300000000000000e+00
	2.740335814241641e+00

 470	2.251012133941197e-07
	3.300000000000000e+00
	0.000000000000000e+00
	3.300000000000000e+00
	3.300000000000000e+00
	2.740344383304591e+00

 471	2.261012133941197e-07
	3.300000000000000e+00
	0.000000000000000e+00
	3.300000000000000e+00
	3.300000000000000e+00
	2.740350937250482e+00

 472	2.271012133941197e-07
	3.300000000000000e+00
	0.000000000000000e+00
	3.300000000000000e+00
	3.300000000000000e+00
	2.740356216995899e+00

 473	2.281012133941197e-07
	3.300000000000000e+00
	0.000000000000000e+00
	3.300000000000000e+00
	3.300000000000000e+00
	2.740360249650762e+00

 474	2.291012133941197e-07
	3.300000000000000e+00
	0.000000000000000e+00
	3.300000000000000e+00
	3.300000000000000e+00
	2.740363846723887e+00

 475	2.301012133941197e-07
	3.300000000000000e+00
	0.000000000000000e+00
	3.300000000000000e+00
	3.300000000000000e+00
	2.740367043781956e+00

 476	2.311012133941197e-07
	3.300000000000000e+00
	0.000000000000000e+00
	3.300000000000000e+00
	3.300000000000000e+00
	2.740367928858003e+00

 477	2.321012133941197e-07
	3.300000000000000e+00
	0.000000000000000e+00
	3.300000000000000e+00
	3.300000000000000e+00
	2.740370080579677e+00

 478	2.331012133941197e-07
	3.300000000000000e+00
	0.000000000000000e+00
	3.300000000000000e+00
	3.300000000000000e+00
	2.740357433137631e+00

 479	2.341012133941197e-07
	3.300000000000000e+00
	0.000000000000000e+00
	3.300000000000000e+00
	3.300000000000000e+00
	2.740352018290471e+00

 480	2.351012133941197e-07
	3.300000000000000e+00
	0.000000000000000e+00
	3.300000000000000e+00
	3.300000000000000e+00
	2.740357368257639e+00

 481	2.361012133941196e-07
	3.300000000000000e+00
	0.000000000000000e+00
	3.300000000000000e+00
	3.300000000000000e+00
	2.740361764680331e+00

 482	2.371012133941196e-07
	3.300000000000000e+00
	0.000000000000000e+00
	3.300000000000000e+00
	3.300000000000000e+00
	2.740365704604129e+00

 483	2.381012133941196e-07
	3.300000000000000e+00
	0.000000000000000e+00
	3.300000000000000e+00
	3.300000000000000e+00
	2.740369010225134e+00

 484	2.390000000000000e-07
	3.300000000000000e+00
	0.000000000000000e+00
	3.300000000000000e+00
	3.300000000000000e+00
	2.740371655159456e+00

 485	2.391000000000000e-07
	3.300000000000000e+00
	3.300000000000248e-01
	3.300000000000000e+00
	3.300000000000000e+00
	2.739809040930694e+00

 486	2.393000000000000e-07
	3.300000000000000e+00
	9.900000000000745e-01
	3.300000000000000e+00
	3.300000000000000e+00
	2.740113738849439e+00

 487	2.397000000000000e-07
	3.300000000000000e+00
	2.309999999999999e+00
	3.300000000000000e+00
	3.300000000000000e+00
	2.740307091921150e+00

 488	2.400000000000000e-07
	3.300000000000000e+00
	3.299999999999899e+00
	3.300000000000000e+00
	3.300000000000000e+00
	2.740309471334753e+00

 489	2.400395650856407e-07
	3.300000000000000e+00
	3.300000000000000e+00
	3.169435217385697e+00
	3.169435217385697e+00
	2.740317541920043e+00

 490	2.401186952569223e-07
	3.300000000000000e+00
	3.300000000000000e+00
	2.908305652156565e+00
	2.908305652156565e+00
	2.740317914284953e+00

 491	2.402769555994854e-07
	3.300000000000000e+00
	3.300000000000000e+00
	2.386046521698301e+00
	2.386046521698301e+00
	2.740266482037713e+00

 492	2.405934762846116e-07
	3.300000000000000e+00
	3.300000000000000e+00
	1.341528260781948e+00
	1.341528260781948e+00
	2.740029127261801e+00

 493	2.410000000000000e-07
	3.300000000000000e+00
	3.300000000000000e+00
	1.016964290556643e-13
	1.016964290556643e-13
	2.737783635720637e+00

 494	2.410633041370252e-07
	3.300000000000000e+00
	3.300000000000000e+00
	0.000000000000000e+00
	0.000000000000000e+00
	2.737603492301241e+00

 495	2.411899124110757e-07
	3.300000000000000e+00
	3.300000000000000e+00
	0.000000000000000e+00
	0.000000000000000e+00
	2.737479631083007e+00

 496	2.414431289591767e-07
	3.300000000000000e+00
	3.300000000000000e+00
	0.000000000000000e+00
	0.000000000000000e+00
	2.737512490335673e+00

 497	2.419495620553786e-07
	3.300000000000000e+00
	3.300000000000000e+00
	0.000000000000000e+00
	0.000000000000000e+00
	2.737617519544116e+00

 498	2.429495620553786e-07
	3.300000000000000e+00
	3.300000000000000e+00
	0.000000000000000e+00
	0.000000000000000e+00
	2.737716455743656e+00

 499	2.439495620553787e-07
	3.300000000000000e+00
	3.300000000000000e+00
	0.000000000000000e+00
	0.000000000000000e+00
	2.737744356645139e+00

 500	2.449495620553787e-07
	3.300000000000000e+00
	3.300000000000000e+00
	0.000000000000000e+00
	0.000000000000000e+00
	2.737766863507658e+00

 501	2.459495620553787e-07
	3.300000000000000e+00
	3.300000000000000e+00
	0.000000000000000e+00
	0.000000000000000e+00
	2.737784947781436e+00

 502	2.469495620553787e-07
	3.300000000000000e+00
	3.300000000000000e+00
	0.000000000000000e+00
	0.000000000000000e+00
	2.737798085867514e+00

 503	2.479495620553787e-07
	3.300000000000000e+00
	3.300000000000000e+00
	0.000000000000000e+00
	0.000000000000000e+00
	2.737807225039666e+00

 504	2.489495620553788e-07
	3.300000000000000e+00
	3.300000000000000e+00
	0.000000000000000e+00
	0.000000000000000e+00
	2.737814905335609e+00

 505	2.499495620553788e-07
	3.300000000000000e+00
	3.300000000000000e+00
	0.000000000000000e+00
	0.000000000000000e+00
	2.737820506489050e+00

 506	2.509495620553788e-07
	3.300000000000000e+00
	3.300000000000000e+00
	0.000000000000000e+00
	0.000000000000000e+00
	2.737825728402365e+00

 507	2.519495620553788e-07
	3.300000000000000e+00
	3.300000000000000e+00
	0.000000000000000e+00
	0.000000000000000e+00
	2.737829552824900e+00

 508	2.529495620553789e-07
	3.300000000000000e+00
	3.300000000000000e+00
	0.000000000000000e+00
	0.000000000000000e+00
	2.737833446556329e+00

 509	2.539495620553789e-07
	3.300000000000000e+00
	3.300000000000000e+00
	0.000000000000000e+00
	0.000000000000000e+00
	2.737836251596625e+00

 510	2.549495620553789e-07
	3.300000000000000e+00
	3.300000000000000e+00
	0.000000000000000e+00
	0.000000000000000e+00
	2.737839343402811e+00

 511	2.559495620553789e-07
	3.300000000000000e+00
	3.300000000000000e+00
	0.000000000000000e+00
	0.000000000000000e+00
	2.737841506489180e+00

 512	2.569495620553789e-07
	3.300000000000000e+00
	3.300000000000000e+00
	0.000000000000000e+00
	0.000000000000000e+00
	2.737844073903931e+00

 513	2.579495620553790e-07
	3.300000000000000e+00
	3.300000000000000e+00
	0.000000000000000e+00
	0.000000000000000e+00
	2.737845802725202e+00

 514	2.589495620553790e-07
	3.300000000000000e+00
	3.300000000000000e+00
	0.000000000000000e+00
	0.000000000000000e+00
	2.737848003831018e+00

 515	2.590000000000001e-07
	3.300000000000000e+00
	3.300000000000000e+00
	0.000000000000000e+00
	1.637817612854995e-13
	2.737847777181161e+00

 516	2.590895065740202e-07
	3.300000000000000e+00
	3.300000000000000e+00
	0.000000000000000e+00
	2.953716942664860e-01
	2.737877578305707e+00

 517	2.592685197220603e-07
	3.300000000000000e+00
	3.300000000000000e+00
	0.000000000000000e+00
	8.861150827989557e-01
	2.738130985028735e+00

 518	2.595720655947780e-07
	3.300000000000000e+00
	3.300000000000000e+00
	0.000000000000000e+00
	1.887816462767378e+00
	2.738183779735210e+00

 519	2.599751323389542e-07
	3.300000000000000e+00
	3.300000000000000e+00
	0.000000000000000e+00
	3.217936718548607e+00
	2.738201153270010e+00

 520	2.600000000000001e-07
	3.300000000000000e+00
	3.300000000000000e+00
	0.000000000000000e+00
	3.300000000000000e+00
	2.738201715015272e+00

 521	2.600497353220920e-07
	3.300000000000000e+00
	3.300000000000000e+00
	0.000000000000000e+00
	3.300000000000000e+00
	2.738201617757700e+00

 522	2.601492059662758e-07
	3.300000000000000e+00
	3.300000000000000e+00
	0.000000000000000e+00
	3.300000000000000e+00
	2.738203050783438e+00

 523	2.603481472546434e-07
	3.300000000000000e+00
	3.300000000000000e+00
	0.000000000000000e+00
	3.300000000000000e+00
	2.738205763991369e+00

 524	2.607460298313786e-07
	3.300000000000000e+00
	3.300000000000000e+00
	0.000000000000000e+00
	3.300000000000000e+00
	2.738210509263652e+00

 525	2.615417949848489e-07
	3.300000000000000e+00
	3.300000000000000e+00
	0.000000000000000e+00
	3.300000000000000e+00
	2.738213395890083e+00

 526	2.625417949848489e-07
	3.300000000000000e+00
	3.300000000000000e+00
	0.000000000000000e+00
	3.300000000000000e+00
	2.738218366798389e+00

 527	2.635417949848490e-07
	3.300000000000000e+00
	3.300000000000000e+00
	0.000000000000000e+00
	3.300000000000000e+00
	2.738225277257951e+00

 528	2.645417949848490e-07
	3.300000000000000e+00
	3.300000000000000e+00
	0.000000000000000e+00
	3.300000000000000e+00
	2.738230351231508e+00

 529	2.655417949848490e-07
	3.300000000000000e+00
	3.300000000000000e+00
	0.000000000000000e+00
	3.300000000000000e+00
	2.738234296154425e+00

 530	2.665417949848490e-07
	3.300000000000000e+00
	3.300000000000000e+00
	0.000000000000000e+00
	3.300000000000000e+00
	2.738237402598136e+00

 531	2.675417949848490e-07
	3.300000000000000e+00
	3.300000000000000e+00
	0.000000000000000e+00
	3.300000000000000e+00
	2.738239953403494e+00

 532	2.685417949848491e-07
	3.300000000000000e+00
	3.300000000000000e+00
	0.000000000000000e+00
	3.300000000000000e+00
	2.738241543376132e+00

 533	2.695417949848491e-07
	3.300000000000000e+00
	3.300000000000000e+00
	0.000000000000000e+00
	3.300000000000000e+00
	2.738243250491421e+00

 534	2.705417949848491e-07
	3.300000000000000e+00
	3.300000000000000e+00
	0.000000000000000e+00
	3.300000000000000e+00
	2.738244820965212e+00

 535	2.715417949848491e-07
	3.300000000000000e+00
	3.300000000000000e+00
	0.000000000000000e+00
	3.300000000000000e+00
	2.738246200023337e+00

 536	2.725417949848492e-07
	3.300000000000000e+00
	3.300000000000000e+00
	0.000000000000000e+00
	3.300000000000000e+00
	2.738247373899841e+00

 537	2.735417949848492e-07
	3.300000000000000e+00
	3.300000000000000e+00
	0.000000000000000e+00
	3.300000000000000e+00
	2.738248430909553e+00

 538	2.745417949848492e-07
	3.300000000000000e+00
	3.300000000000000e+00
	0.000000000000000e+00
	3.300000000000000e+00
	2.738248112555298e+00

 539	2.755417949848492e-07
	3.300000000000000e+00
	3.300000000000000e+00
	0.000000000000000e+00
	3.300000000000000e+00
	2.738248717442466e+00

 540	2.765417949848492e-07
	3.300000000000000e+00
	3.300000000000000e+00
	0.000000000000000e+00
	3.300000000000000e+00
	2.738249580634478e+00

 541	2.775417949848493e-07
	3.300000000000000e+00
	3.300000000000000e+00
	0.000000000000000e+00
	3.300000000000000e+00
	2.738250379357943e+00

 542	2.785417949848493e-07
	3.300000000000000e+00
	3.300000000000000e+00
	0.000000000000000e+00
	3.300000000000000e+00
	2.738251073294754e+00

 543	2.790000000000000e-07
	3.300000000000000e+00
	3.300000000000000e+00
	4.367513634279986e-14
	3.300000000000000e+00
	2.738251386869968e+00

 544	2.791000000000001e-07
	3.300000000000000e+00
	3.300000000000000e+00
	3.300000000000685e-01
	3.300000000000000e+00
	2.738023289194315e+00

 545	2.793000000000001e-07
	3.300000000000000e+00
	3.300000000000000e+00
	9.900000000001181e-01
	3.300000000000000e+00
	2.739854725347454e+00

 546	2.797000000000000e-07
	3.300000000000000e+00
	3.300000000000000e+00
	2.310000000000043e+00
	3.300000000000000e+00
	2.740293296849372e+00

 547	2.800000000000000e-07
	3.300000000000000e+00
	3.300000000000000e+00
	3.299999999999942e+00
	3.300000000000000e+00
	2.740303363048404e+00

 548	2.800419652992298e-07
	3.300000000000000e+00
	3.300000000000000e+00
	3.300000000000000e+00
	3.161514512541592e+00
	2.740310696261953e+00

 549	2.801258958976895e-07
	3.300000000000000e+00
	3.300000000000000e+00
	3.300000000000000e+00
	2.884543537624777e+00
	2.740305601179884e+00

 550	2.802937570946088e-07
	3.300000000000000e+00
	3.300000000000000e+00
	3.300000000000000e+00
	2.330601587791145e+00
	2.740269985928977e+00

 551	2.806294794884473e-07
	3.300000000000000e+00
	3.300000000000000e+00
	3.300000000000000e+00
	1.222717688124057e+00
	2.740120204094097e+00

 552	2.810000000000000e-07
	3.300000000000000e+00
	3.300000000000000e+00
	3.300000000000000e+00
	0.000000000000000e+00
	2.739634166728903e+00

 553	2.810671444787677e-07
	3.300000000000000e+00
	3.300000000000000e+00
	3.300000000000000e+00
	0.000000000000000e+00
	2.739676771677016e+00

 554	2.812014334363031e-07
	3.300000000000000e+00
	3.300000000000000e+00
	3.300000000000000e+00
	0.000000000000000e+00
	2.739818947627244e+00

 555	2.814700113513740e-07
	3.300000000000000e+00
	3.300000000000000e+00
	3.300000000000000e+00
	0.000000000000000e+00
	2.740007414631003e+00

 556	2.820071671815156e-07
	3.300000000000000e+00
	3.300000000000000e+00
	3.300000000000000e+00
	0.000000000000000e+00
	2.740171239471340e+00

 557	2.830071671815156e-07
	3.300000000000000e+00
	3.300000000000000e+00
	3.300000000000000e+00
	0.000000000000000e+00
	2.740275672241092e+00

 558	2.840071671815156e-07
	3.300000000000000e+00
	3.300000000000000e+00
	3.300000000000000e+00
	0.000000000000000e+00
	2.740314343859694e+00

 559	2.850071671815156e-07
	3.300000000000000e+00
	3.300000000000000e+00
	3.300000000000000e+00
	0.000000000000000e+00
	2.740337152242535e+00

 560	2.860071671815157e-07
	3.300000000000000e+00
	3.300000000000000e+00
	3.300000000000000e+00
	0.000000000000000e+00
	2.740352362463924e+00

 561	2.870071671815157e-07
	3.300000000000000e+00
	3.300000000000000e+00
	3.300000000000000e+00
	0.000000000000000e+00
	2.740361977807697e+00

 562	2.880071671815157e-07
	3.300000000000000e+00
	3.300000000000000e+00
	3.300000000000000e+00
	0.000000000000000e+00
	2.740372583227965e+00

 563	2.890071671815157e-07
	3.300000000000000e+00
	3.300000000000000e+00
	3.300000000000000e+00
	0.000000000000000e+00
	2.740380334222634e+00

 564	2.900071671815158e-07
	3.300000000000000e+00
	3.300000000000000e+00
	3.300000000000000e+00
	0.000000000000000e+00
	2.740386446814654e+00

 565	2.910071671815158e-07
	3.300000000000000e+00
	3.300000000000000e+00
	3.300000000000000e+00
	0.000000000000000e+00
	2.740392110460445e+00

 566	2.920071671815158e-07
	3.300000000000000e+00
	3.300000000000000e+00
	3.300000000000000e+00
	0.000000000000000e+00
	2.740396660150418e+00

 567	2.930071671815158e-07
	3.300000000000000e+00
	3.300000000000000e+00
	3.300000000000000e+00
	0.000000000000000e+00
	2.740400601130318e+00

 568	2.940071671815158e-07
	3.300000000000000e+00
	3.300000000000000e+00
	3.300000000000000e+00
	0.000000000000000e+00
	2.740404609796426e+00

 569	2.950071671815159e-07
	3.300000000000000e+00
	3.300000000000000e+00
	3.300000000000000e+00
	0.000000000000000e+00
	2.740408293678193e+00

 570	2.960071671815159e-07
	3.300000000000000e+00
	3.300000000000000e+00
	3.300000000000000e+00
	0.000000000000000e+00
	2.740411252330649e+00

 571	2.970071671815159e-07
	3.300000000000000e+00
	3.300000000000000e+00
	3.300000000000000e+00
	0.000000000000000e+00
	2.740414401415630e+00

 572	2.980071671815159e-07
	3.300000000000000e+00
	3.300000000000000e+00
	3.300000000000000e+00
	0.000000000000000e+00
	2.740416826041199e+00

 573	2.990000000000000e-07
	3.300000000000000e+00
	3.300000000000000e+00
	3.300000000000000e+00
	0.000000000000000e+00
	2.740419638756177e+00

 574	2.991000000000000e-07
	3.300000000000000e+00
	3.300000000000000e+00
	3.300000000000000e+00
	3.300000000000139e-01
	2.740023203966131e+00

 575	2.993000000000000e-07
	3.300000000000000e+00
	3.300000000000000e+00
	3.300000000000000e+00
	9.900000000000635e-01
	2.739960165851741e+00

 576	2.996445116700758e-07
	3.300000000000000e+00
	3.300000000000000e+00
	3.300000000000000e+00
	2.126888511250097e+00
	2.740253967886639e+00

 577	2.999986660628651e-07
	3.300000000000000e+00
	3.300000000000000e+00
	3.300000000000000e+00
	3.295598007454792e+00
	2.740320195256165e+00

 578	3.000000000000000e-07
	3.300000000000000e+00
	3.300000000000000e+00
	3.300000000000000e+00
	3.300000000000000e+00
	2.740316827891658e+00

 579	3.000026678742699e-07
	3.300000000000000e+00
	3.300000000000000e+00
	3.300000000000000e+00
	3.300000000000000e+00
	2.740311588707300e+00

 580	3.000080036228096e-07
	3.300000000000000e+00
	3.300000000000000e+00
	3.300000000000000e+00
	3.300000000000000e+00
	2.740310119477560e+00

 581	3.000186751198891e-07
	3.300000000000000e+00
	3.300000000000000e+00
	3.300000000000000e+00
	3.300000000000000e+00
	2.740311169919683e+00

 582	3.000400181140479e-07
	3.300000000000000e+00
	3.300000000000000e+00
	3.300000000000000e+00
	3.300000000000000e+00
	2.740310066840430e+00

 583	3.000827041023657e-07
	3.300000000000000e+00
	3.300000000000000e+00
	3.300000000000000e+00
	3.300000000000000e+00
	2.740311100181779e+00

 584	3.001680760790013e-07
	3.300000000000000e+00
	3.300000000000000e+00
	3.300000000000000e+00
	3.300000000000000e+00
	2.740310077263899e+00

 585	3.003388200322723e-07
	3.300000000000000e+00
	3.300000000000000e+00
	3.300000000000000e+00
	3.300000000000000e+00
	2.740311087460325e+00

 586	3.006803079388145e-07
	3.300000000000000e+00
	3.300000000000000e+00
	3.300000000000000e+00
	3.300000000000000e+00
	2.740310080424863e+00

 587	3.013632837518988e-07
	3.300000000000000e+00
	3.300000000000000e+00
	3.300000000000000e+00
	3.300000000000000e+00
	2.740311084546177e+00

 588	3.023632837518988e-07
	3.300000000000000e+00
	3.300000000000000e+00
	3.300000000000000e+00
	3.300000000000000e+00
	2.740310078111301e+00

 589	3.033632837518988e-07
	3.300000000000000e+00
	3.300000000000000e+00
	3.300000000000000e+00
	3.300000000000000e+00
	2.740311077853234e+00

 590	3.043632837518989e-07
	3.300000000000000e+00
	3.300000000000000e+00
	3.300000000000000e+00
	3.300000000000000e+00
	2.740310076695734e+00

 591	3.053632837518989e-07
	3.300000000000000e+00
	3.300000000000000e+00
	3.300000000000000e+00
	3.300000000000000e+00
	2.740311076773499e+00

 592	3.063632837518989e-07
	3.300000000000000e+00
	3.300000000000000e+00
	3.300000000000000e+00
	3.300000000000000e+00
	2.740310077702068e+00

 593	3.073632837518989e-07
	3.300000000000000e+00
	3.300000000000000e+00
	3.300000000000000e+00
	3.300000000000000e+00
	2.740311075698100e+00

 594	3.083632837518990e-07
	3.300000000000000e+00
	3.300000000000000e+00
	3.300000000000000e+00
	3.300000000000000e+00
	2.740310078691456e+00

 595	3.093632837518990e-07
	3.300000000000000e+00
	3.300000000000000e+00
	3.300000000000000e+00
	3.300000000000000e+00
	2.740311074621135e+00

 596	3.103632837518990e-07
	3.300000000000000e+00
	3.300000000000000e+00
	3.300000000000000e+00
	3.300000000000000e+00
	2.740310079684122e+00

 597	3.113632837518990e-07
	3.300000000000000e+00
	3.300000000000000e+00
	3.300000000000000e+00
	3.300000000000000e+00
	2.740311073542232e+00

 598	3.123632837518990e-07
	3.300000000000000e+00
	3.300000000000000e+00
	3.300000000000000e+00
	3.300000000000000e+00
	2.740310080679808e+00

 599	3.133632837518991e-07
	3.300000000000000e+00
	3.300000000000000e+00
	3.300000000000000e+00
	3.300000000000000e+00
	2.740311072461443e+00

 600	3.143632837518991e-07
	3.300000000000000e+00
	3.300000000000000e+00
	3.300000000000000e+00
	3.300000000000000e+00
	2.740310081678453e+00

 601	3.153632837518991e-07
	3.300000000000000e+00
	3.300000000000000e+00
	3.300000000000000e+00
	3.300000000000000e+00
	2.740311071378815e+00

 602	3.163632837518991e-07
	3.300000000000000e+00
	3.300000000000000e+00
	3.300000000000000e+00
	3.300000000000000e+00
	2.740310082679994e+00

 603	3.173632837518992e-07
	3.300000000000000e+00
	3.300000000000000e+00
	3.300000000000000e+00
	3.300000000000000e+00
	2.740311070294395e+00

 604	3.183632837518992e-07
	3.300000000000000e+00
	3.300000000000000e+00
	3.300000000000000e+00
	3.300000000000000e+00
	2.740310083684369e+00

 605	3.193632837518992e-07
	3.300000000000000e+00
	3.300000000000000e+00
	3.300000000000000e+00
	3.300000000000000e+00
	2.740311069208229e+00

 606	3.200000000000000e-07
	3.300000000000000e+00
	3.300000000000000e+00
	3.300000000000000e+00
	3.300000000000000e+00
	2.740310083643135e+00

