Title: * hspice file created from seg_e.ext - technology: tsmc
Date: Thu Apr 27 01:08:16  2017
Plotname: Transient Analysis
Flags: real
No. Variables: 6
No. Points: 523
Variables:
	0	time	time
	1	a	voltage
	2	b	voltage
	3	c	voltage
	4	d	voltage
	5	y	voltage
Values:
 0	0.000000000000000e+00
	3.300000000000000e+00
	3.300000000000000e+00
	3.300000000000000e+00
	3.300000000000000e+00
	1.049890010657436e-07

 1	1.000000000000000e-11
	3.267000000000000e+00
	3.267000000000000e+00
	3.267000000000000e+00
	3.267000000000000e+00
	-4.027452039596091e-04

 2	2.000000000000000e-11
	3.234000000000000e+00
	3.234000000000000e+00
	3.234000000000000e+00
	3.234000000000000e+00
	-4.676343454853293e-04

 3	4.000000000000000e-11
	3.168000000000000e+00
	3.168000000000000e+00
	3.168000000000000e+00
	3.168000000000000e+00
	-3.397965752937604e-04

 4	8.000000000000001e-11
	3.036000000000000e+00
	3.036000000000000e+00
	3.036000000000000e+00
	3.036000000000000e+00
	1.867950115247430e-05

 5	1.600000000000000e-10
	2.772000000000000e+00
	2.772000000000000e+00
	2.772000000000000e+00
	2.772000000000000e+00
	-9.203725185839839e-05

 6	3.200000000000000e-10
	2.244000000000000e+00
	2.244000000000000e+00
	2.244000000000000e+00
	2.244000000000000e+00
	1.195775458377041e-04

 7	5.950392694068700e-10
	1.336370410957329e+00
	1.336370410957329e+00
	1.336370410957329e+00
	1.336370410957329e+00
	-5.728768886515571e-03

 8	9.420005981289768e-10
	1.913980261743764e-01
	1.913980261743764e-01
	1.913980261743764e-01
	1.913980261743764e-01
	2.906287769520979e-03

 9	1.000000000000000e-09
	0.000000000000000e+00
	0.000000000000000e+00
	0.000000000000000e+00
	0.000000000000000e+00
	1.104544453670415e-02

 10	1.034002176801682e-09
	0.000000000000000e+00
	0.000000000000000e+00
	0.000000000000000e+00
	0.000000000000000e+00
	9.875880174332968e-03

 11	1.102006530405047e-09
	0.000000000000000e+00
	0.000000000000000e+00
	0.000000000000000e+00
	0.000000000000000e+00
	3.097695184371932e-03

 12	1.238015237611776e-09
	0.000000000000000e+00
	0.000000000000000e+00
	0.000000000000000e+00
	0.000000000000000e+00
	-1.384859399574848e-03

 13	1.510032652025235e-09
	0.000000000000000e+00
	0.000000000000000e+00
	0.000000000000000e+00
	0.000000000000000e+00
	1.180187754224814e-03

 14	2.054067480852152e-09
	0.000000000000000e+00
	0.000000000000000e+00
	0.000000000000000e+00
	0.000000000000000e+00
	-1.042387454891852e-03

 15	3.054067480852152e-09
	0.000000000000000e+00
	0.000000000000000e+00
	0.000000000000000e+00
	0.000000000000000e+00
	9.883751217545835e-04

 16	4.054067480852152e-09
	0.000000000000000e+00
	0.000000000000000e+00
	0.000000000000000e+00
	0.000000000000000e+00
	-9.323354279319757e-04

 17	5.054067480852152e-09
	0.000000000000000e+00
	0.000000000000000e+00
	0.000000000000000e+00
	0.000000000000000e+00
	8.822976447764481e-04

 18	6.054067480852152e-09
	0.000000000000000e+00
	0.000000000000000e+00
	0.000000000000000e+00
	0.000000000000000e+00
	-8.338688525426491e-04

 19	7.054067480852152e-09
	0.000000000000000e+00
	0.000000000000000e+00
	0.000000000000000e+00
	0.000000000000000e+00
	7.895816562145091e-04

 20	8.054067480852152e-09
	0.000000000000000e+00
	0.000000000000000e+00
	0.000000000000000e+00
	0.000000000000000e+00
	-7.470142143180657e-04

 21	9.054067480852153e-09
	0.000000000000000e+00
	0.000000000000000e+00
	0.000000000000000e+00
	0.000000000000000e+00
	7.078094595396132e-04

 22	1.005406748085215e-08
	0.000000000000000e+00
	0.000000000000000e+00
	0.000000000000000e+00
	0.000000000000000e+00
	-6.701412456826903e-04

 23	1.105406748085215e-08
	0.000000000000000e+00
	0.000000000000000e+00
	0.000000000000000e+00
	0.000000000000000e+00
	6.353358954077071e-04

 24	1.205406748085216e-08
	0.000000000000000e+00
	0.000000000000000e+00
	0.000000000000000e+00
	0.000000000000000e+00
	-6.018498900083897e-04

 25	1.305406748085216e-08
	0.000000000000000e+00
	0.000000000000000e+00
	0.000000000000000e+00
	0.000000000000000e+00
	5.708587938108595e-04

 26	1.405406748085216e-08
	0.000000000000000e+00
	0.000000000000000e+00
	0.000000000000000e+00
	0.000000000000000e+00
	-5.409845690147672e-04

 27	1.505406748085216e-08
	0.000000000000000e+00
	0.000000000000000e+00
	0.000000000000000e+00
	0.000000000000000e+00
	5.133176184137656e-04

 28	1.605406748085215e-08
	0.000000000000000e+00
	0.000000000000000e+00
	0.000000000000000e+00
	0.000000000000000e+00
	-4.865891367885899e-04

 29	1.705406748085215e-08
	0.000000000000000e+00
	0.000000000000000e+00
	0.000000000000000e+00
	0.000000000000000e+00
	4.618355268749385e-04

 30	1.805406748085215e-08
	0.000000000000000e+00
	0.000000000000000e+00
	0.000000000000000e+00
	0.000000000000000e+00
	-4.378656700486840e-04

 31	1.900000000000000e-08
	0.000000000000000e+00
	0.000000000000000e+00
	0.000000000000000e+00
	0.000000000000000e+00
	4.144334474959210e-04

 32	1.910000000000000e-08
	0.000000000000000e+00
	0.000000000000000e+00
	0.000000000000000e+00
	3.300000000000030e-01
	2.956284212597554e-04

 33	1.930000000000000e-08
	0.000000000000000e+00
	0.000000000000000e+00
	0.000000000000000e+00
	9.899999999999980e-01
	-1.197079654361656e-02

 34	1.950385814676474e-08
	0.000000000000000e+00
	0.000000000000000e+00
	0.000000000000000e+00
	1.662731884323622e+00
	2.490664526957623e+00

 35	1.967262912377675e-08
	0.000000000000000e+00
	0.000000000000000e+00
	0.000000000000000e+00
	2.219676108463282e+00
	3.411561159776546e+00

 36	1.985013966826414e-08
	0.000000000000000e+00
	0.000000000000000e+00
	0.000000000000000e+00
	2.805460905271644e+00
	3.209168426580476e+00

 37	2.000000000000000e-08
	0.000000000000000e+00
	0.000000000000000e+00
	0.000000000000000e+00
	3.300000000000000e+00
	3.368632017348231e+00

 38	2.001988811514067e-08
	0.000000000000000e+00
	0.000000000000000e+00
	0.000000000000000e+00
	3.300000000000000e+00
	3.321377850519696e+00

 39	2.005966434542202e-08
	0.000000000000000e+00
	0.000000000000000e+00
	0.000000000000000e+00
	3.300000000000000e+00
	3.292608489035441e+00

 40	2.013921680598470e-08
	0.000000000000000e+00
	0.000000000000000e+00
	0.000000000000000e+00
	3.300000000000000e+00
	3.304666272910457e+00

 41	2.029832172711007e-08
	0.000000000000000e+00
	0.000000000000000e+00
	0.000000000000000e+00
	3.300000000000000e+00
	3.296250752155014e+00

 42	2.058749618533178e-08
	0.000000000000000e+00
	0.000000000000000e+00
	0.000000000000000e+00
	3.300000000000000e+00
	3.303322924705798e+00

 43	2.116584510177520e-08
	0.000000000000000e+00
	0.000000000000000e+00
	0.000000000000000e+00
	3.300000000000000e+00
	3.296870127637879e+00

 44	2.216584510177520e-08
	0.000000000000000e+00
	0.000000000000000e+00
	0.000000000000000e+00
	3.300000000000000e+00
	3.303023236761741e+00

 45	2.316584510177520e-08
	0.000000000000000e+00
	0.000000000000000e+00
	0.000000000000000e+00
	3.300000000000000e+00
	3.297079533237832e+00

 46	2.416584510177520e-08
	0.000000000000000e+00
	0.000000000000000e+00
	0.000000000000000e+00
	3.300000000000000e+00
	3.302821075980830e+00

 47	2.516584510177520e-08
	0.000000000000000e+00
	0.000000000000000e+00
	0.000000000000000e+00
	3.300000000000000e+00
	3.297274708849396e+00

 48	2.616584510177520e-08
	0.000000000000000e+00
	0.000000000000000e+00
	0.000000000000000e+00
	3.300000000000000e+00
	3.302632632244005e+00

 49	2.716584510177520e-08
	0.000000000000000e+00
	0.000000000000000e+00
	0.000000000000000e+00
	3.300000000000000e+00
	3.297456661738043e+00

 50	2.816584510177520e-08
	0.000000000000000e+00
	0.000000000000000e+00
	0.000000000000000e+00
	3.300000000000000e+00
	3.302456936929631e+00

 51	2.916584510177520e-08
	0.000000000000000e+00
	0.000000000000000e+00
	0.000000000000000e+00
	3.300000000000000e+00
	3.297626323107929e+00

 52	3.016584510177520e-08
	0.000000000000000e+00
	0.000000000000000e+00
	0.000000000000000e+00
	3.300000000000000e+00
	3.302293094578448e+00

 53	3.116584510177520e-08
	0.000000000000000e+00
	0.000000000000000e+00
	0.000000000000000e+00
	3.300000000000000e+00
	3.297784554046199e+00

 54	3.216584510177520e-08
	0.000000000000000e+00
	0.000000000000000e+00
	0.000000000000000e+00
	3.300000000000000e+00
	3.302140276872313e+00

 55	3.316584510177520e-08
	0.000000000000000e+00
	0.000000000000000e+00
	0.000000000000000e+00
	3.300000000000000e+00
	3.297932151352660e+00

 56	3.416584510177521e-08
	0.000000000000000e+00
	0.000000000000000e+00
	0.000000000000000e+00
	3.300000000000000e+00
	3.301997717078606e+00

 57	3.516584510177521e-08
	0.000000000000000e+00
	0.000000000000000e+00
	0.000000000000000e+00
	3.300000000000000e+00
	3.298069852829333e+00

 58	3.616584510177521e-08
	0.000000000000000e+00
	0.000000000000000e+00
	0.000000000000000e+00
	3.300000000000000e+00
	3.301864705018876e+00

 59	3.716584510177521e-08
	0.000000000000000e+00
	0.000000000000000e+00
	0.000000000000000e+00
	3.300000000000000e+00
	3.298198342070247e+00

 60	3.816584510177522e-08
	0.000000000000000e+00
	0.000000000000000e+00
	0.000000000000000e+00
	3.300000000000000e+00
	3.301740582499812e+00

 61	3.900000000000001e-08
	0.000000000000000e+00
	0.000000000000000e+00
	0.000000000000000e+00
	3.300000000000000e+00
	3.298329702601897e+00

 62	3.910000000000001e-08
	0.000000000000000e+00
	0.000000000000000e+00
	3.300000000000030e-01
	3.300000000000000e+00
	3.299863059049108e+00

 63	3.930000000000001e-08
	0.000000000000000e+00
	0.000000000000000e+00
	9.900000000000089e-01
	3.300000000000000e+00
	3.300020021938673e+00

 64	3.957870027856918e-08
	0.000000000000000e+00
	0.000000000000000e+00
	1.909710919278261e+00
	3.300000000000000e+00
	3.301268401471613e+00

 65	3.985098111647360e-08
	0.000000000000000e+00
	0.000000000000000e+00
	2.808237684362850e+00
	3.300000000000000e+00
	3.326357485502875e+00

 66	4.000000000000000e-08
	0.000000000000000e+00
	0.000000000000000e+00
	3.299999999999986e+00
	3.300000000000000e+00
	3.292069456600751e+00

 67	4.003274470955218e-08
	0.000000000000000e+00
	0.000000000000000e+00
	3.300000000000000e+00
	3.191942458477796e+00
	3.295249845295305e+00

 68	4.009823412865655e-08
	0.000000000000000e+00
	0.000000000000000e+00
	3.300000000000000e+00
	2.975827375433387e+00
	3.299833424602053e+00

 69	4.022921296686528e-08
	0.000000000000000e+00
	0.000000000000000e+00
	3.300000000000000e+00
	2.543597209344569e+00
	3.300909688997888e+00

 70	4.049117064328275e-08
	0.000000000000000e+00
	0.000000000000000e+00
	3.300000000000000e+00
	1.679136877166934e+00
	3.303194330842260e+00

 71	4.053748992660504e-08
	0.000000000000000e+00
	0.000000000000000e+00
	3.300000000000000e+00
	1.526283242203360e+00
	3.304132844003183e+00

 72	4.063012849324964e-08
	0.000000000000000e+00
	0.000000000000000e+00
	3.300000000000000e+00
	1.220575972276189e+00
	3.309272427693994e+00

 73	4.074698072025331e-08
	0.000000000000000e+00
	0.000000000000000e+00
	3.300000000000000e+00
	8.349636231640742e-01
	1.331418978020865e+00

 74	4.084516051878936e-08
	0.000000000000000e+00
	0.000000000000000e+00
	3.300000000000000e+00
	5.109702879951126e-01
	-6.694644873862964e-02

 75	4.095032509826452e-08
	0.000000000000000e+00
	0.000000000000000e+00
	3.300000000000000e+00
	1.639271757270726e-01
	4.662395531872550e-02

 76	4.100000000000000e-08
	0.000000000000000e+00
	0.000000000000000e+00
	3.300000000000000e+00
	0.000000000000000e+00
	-1.560245003946158e-02

 77	4.101268783967277e-08
	0.000000000000000e+00
	0.000000000000000e+00
	3.300000000000000e+00
	0.000000000000000e+00
	-7.304981931239851e-03

 78	4.103806351901832e-08
	0.000000000000000e+00
	0.000000000000000e+00
	3.300000000000000e+00
	0.000000000000000e+00
	1.073567462482022e-03

 79	4.108881487770940e-08
	0.000000000000000e+00
	0.000000000000000e+00
	3.300000000000000e+00
	0.000000000000000e+00
	-2.220834584554937e-04

 80	4.119031759509158e-08
	0.000000000000000e+00
	0.000000000000000e+00
	3.300000000000000e+00
	0.000000000000000e+00
	1.708696907876811e-04

 81	4.139332302985593e-08
	0.000000000000000e+00
	0.000000000000000e+00
	3.300000000000000e+00
	0.000000000000000e+00
	-1.200692482125273e-04

 82	4.179933389938464e-08
	0.000000000000000e+00
	0.000000000000000e+00
	3.300000000000000e+00
	0.000000000000000e+00
	1.048738148284045e-04

 83	4.261135563844205e-08
	0.000000000000000e+00
	0.000000000000000e+00
	3.300000000000000e+00
	0.000000000000000e+00
	-9.595214994947976e-05

 84	4.361135563844205e-08
	0.000000000000000e+00
	0.000000000000000e+00
	3.300000000000000e+00
	0.000000000000000e+00
	9.005263780658898e-05

 85	4.461135563844205e-08
	0.000000000000000e+00
	0.000000000000000e+00
	3.300000000000000e+00
	0.000000000000000e+00
	-8.368688894061331e-05

 86	4.561135563844205e-08
	0.000000000000000e+00
	0.000000000000000e+00
	3.300000000000000e+00
	0.000000000000000e+00
	7.815396604612425e-05

 87	4.661135563844205e-08
	0.000000000000000e+00
	0.000000000000000e+00
	3.300000000000000e+00
	0.000000000000000e+00
	-7.128430845399110e-05

 88	4.761135563844206e-08
	0.000000000000000e+00
	0.000000000000000e+00
	3.300000000000000e+00
	0.000000000000000e+00
	6.731180649766251e-05

 89	4.861135563844206e-08
	0.000000000000000e+00
	0.000000000000000e+00
	3.300000000000000e+00
	0.000000000000000e+00
	-6.089627936529257e-05

 90	4.961135563844206e-08
	0.000000000000000e+00
	0.000000000000000e+00
	3.300000000000000e+00
	0.000000000000000e+00
	5.734702556847542e-05

 91	5.061135563844206e-08
	0.000000000000000e+00
	0.000000000000000e+00
	3.300000000000000e+00
	0.000000000000000e+00
	-5.240758227026930e-05

 92	5.161135563844207e-08
	0.000000000000000e+00
	0.000000000000000e+00
	3.300000000000000e+00
	0.000000000000000e+00
	4.811549104804212e-05

 93	5.261135563844207e-08
	0.000000000000000e+00
	0.000000000000000e+00
	3.300000000000000e+00
	0.000000000000000e+00
	-4.356767216220046e-05

 94	5.361135563844207e-08
	0.000000000000000e+00
	0.000000000000000e+00
	3.300000000000000e+00
	0.000000000000000e+00
	3.964406950818233e-05

 95	5.461135563844207e-08
	0.000000000000000e+00
	0.000000000000000e+00
	3.300000000000000e+00
	0.000000000000000e+00
	-3.545658774678495e-05

 96	5.561135563844208e-08
	0.000000000000000e+00
	0.000000000000000e+00
	3.300000000000000e+00
	0.000000000000000e+00
	3.187440474125905e-05

 97	5.661135563844208e-08
	0.000000000000000e+00
	0.000000000000000e+00
	3.300000000000000e+00
	0.000000000000000e+00
	-2.801889258158448e-05

 98	5.761135563844208e-08
	0.000000000000000e+00
	0.000000000000000e+00
	3.300000000000000e+00
	0.000000000000000e+00
	2.475247304946880e-05

 99	5.861135563844208e-08
	0.000000000000000e+00
	0.000000000000000e+00
	3.300000000000000e+00
	0.000000000000000e+00
	-2.120292609803821e-05

 100	5.900000000000001e-08
	0.000000000000000e+00
	0.000000000000000e+00
	3.300000000000000e+00
	1.091878408569997e-14
	1.349084876449066e-05

 101	5.910000000000001e-08
	0.000000000000000e+00
	0.000000000000000e+00
	3.300000000000000e+00
	3.300000000000139e-01
	1.831513588537170e-04

 102	5.930000000000001e-08
	0.000000000000000e+00
	0.000000000000000e+00
	3.300000000000000e+00
	9.900000000000199e-01
	-3.734677522633283e-03

 103	5.953374456616488e-08
	0.000000000000000e+00
	0.000000000000000e+00
	3.300000000000000e+00
	1.761357068344082e+00
	1.481695894629764e+00

 104	5.972622847845485e-08
	0.000000000000000e+00
	0.000000000000000e+00
	3.300000000000000e+00
	2.396553978901009e+00
	3.216492428294881e+00

 105	5.993209912868311e-08
	0.000000000000000e+00
	0.000000000000000e+00
	3.300000000000000e+00
	3.075927124654256e+00
	3.358842256575512e+00

 106	6.000000000000001e-08
	0.000000000000000e+00
	0.000000000000000e+00
	3.300000000000000e+00
	3.300000000000000e+00
	3.277126690947006e+00

 107	6.002264707889204e-08
	0.000000000000000e+00
	0.000000000000000e+00
	3.300000000000000e+00
	3.300000000000000e+00
	3.290509612637505e+00

 108	6.006794123667611e-08
	0.000000000000000e+00
	0.000000000000000e+00
	3.300000000000000e+00
	3.300000000000000e+00
	3.301303204127159e+00

 109	6.015852955224425e-08
	0.000000000000000e+00
	0.000000000000000e+00
	3.300000000000000e+00
	3.300000000000000e+00
	3.298952567441744e+00

 110	6.033970618338053e-08
	0.000000000000000e+00
	0.000000000000000e+00
	3.300000000000000e+00
	3.300000000000000e+00
	3.300434165049744e+00

 111	6.070205944565308e-08
	0.000000000000000e+00
	0.000000000000000e+00
	3.300000000000000e+00
	3.300000000000000e+00
	3.299364391446225e+00

 112	6.142676597019819e-08
	0.000000000000000e+00
	0.000000000000000e+00
	3.300000000000000e+00
	3.300000000000000e+00
	3.300411993318326e+00

 113	6.242676597019818e-08
	0.000000000000000e+00
	0.000000000000000e+00
	3.300000000000000e+00
	3.300000000000000e+00
	3.299497817060103e+00

 114	6.342676597019818e-08
	0.000000000000000e+00
	0.000000000000000e+00
	3.300000000000000e+00
	3.300000000000000e+00
	3.300398814664285e+00

 115	6.442676597019817e-08
	0.000000000000000e+00
	0.000000000000000e+00
	3.300000000000000e+00
	3.300000000000000e+00
	3.299562876707033e+00

 116	6.542676597019817e-08
	0.000000000000000e+00
	0.000000000000000e+00
	3.300000000000000e+00
	3.300000000000000e+00
	3.300365999346329e+00

 117	6.642676597019817e-08
	0.000000000000000e+00
	0.000000000000000e+00
	3.300000000000000e+00
	3.300000000000000e+00
	3.299612127335184e+00

 118	6.742676597019816e-08
	0.000000000000000e+00
	0.000000000000000e+00
	3.300000000000000e+00
	3.300000000000000e+00
	3.300332111791175e+00

 119	6.842676597019816e-08
	0.000000000000000e+00
	0.000000000000000e+00
	3.300000000000000e+00
	3.300000000000000e+00
	3.299653473201792e+00

 120	6.942676597019815e-08
	0.000000000000000e+00
	0.000000000000000e+00
	3.300000000000000e+00
	3.300000000000000e+00
	3.300300150595805e+00

 121	7.042676597019815e-08
	0.000000000000000e+00
	0.000000000000000e+00
	3.300000000000000e+00
	3.300000000000000e+00
	3.299688468519072e+00

 122	7.142676597019814e-08
	0.000000000000000e+00
	0.000000000000000e+00
	3.300000000000000e+00
	3.300000000000000e+00
	3.300270748460224e+00

 123	7.242676597019814e-08
	0.000000000000000e+00
	0.000000000000000e+00
	3.300000000000000e+00
	3.300000000000000e+00
	3.299720153614199e+00

 124	7.342676597019814e-08
	0.000000000000000e+00
	0.000000000000000e+00
	3.300000000000000e+00
	3.300000000000000e+00
	3.300244046942299e+00

 125	7.442676597019813e-08
	0.000000000000000e+00
	0.000000000000000e+00
	3.300000000000000e+00
	3.300000000000000e+00
	3.299748203624616e+00

 126	7.542676597019813e-08
	0.000000000000000e+00
	0.000000000000000e+00
	3.300000000000000e+00
	3.300000000000000e+00
	3.300219921774068e+00

 127	7.642676597019812e-08
	0.000000000000000e+00
	0.000000000000000e+00
	3.300000000000000e+00
	3.300000000000000e+00
	3.299773727066983e+00

 128	7.742676597019812e-08
	0.000000000000000e+00
	0.000000000000000e+00
	3.300000000000000e+00
	3.300000000000000e+00
	3.300198218972028e+00

 129	7.842676597019811e-08
	0.000000000000000e+00
	0.000000000000000e+00
	3.300000000000000e+00
	3.300000000000000e+00
	3.299795848575070e+00

 130	7.900000000000001e-08
	0.000000000000000e+00
	0.000000000000000e+00
	3.300000000000000e+00
	3.300000000000000e+00
	3.300171542240738e+00

 131	7.910000000000000e-08
	0.000000000000000e+00
	3.299999999999811e-01
	3.300000000000000e+00
	3.300000000000000e+00
	3.300105438164080e+00

 132	7.930000000000000e-08
	0.000000000000000e+00
	9.899999999999870e-01
	3.300000000000000e+00
	3.300000000000000e+00
	3.299842516055302e+00

 133	7.945645360002833e-08
	0.000000000000000e+00
	1.506296880093464e+00
	3.300000000000000e+00
	3.300000000000000e+00
	3.300023552568692e+00

 134	7.963414406466263e-08
	0.000000000000000e+00
	2.092675413386662e+00
	3.300000000000000e+00
	3.300000000000000e+00
	3.299627593951012e+00

 135	7.981101013179738e-08
	0.000000000000000e+00
	2.676333434931343e+00
	3.300000000000000e+00
	3.300000000000000e+00
	3.300878005858371e+00

 136	8.000000000000000e-08
	0.000000000000000e+00
	3.300000000000000e+00
	3.300000000000000e+00
	3.300000000000000e+00
	3.299354379768074e+00

 137	8.002063612903122e-08
	0.000000000000000e+00
	3.300000000000000e+00
	3.231900774196987e+00
	3.231900774196987e+00
	3.299115889336107e+00

 138	8.006190838709366e-08
	0.000000000000000e+00
	3.300000000000000e+00
	3.095702322590919e+00
	3.095702322590919e+00
	3.299519694423629e+00

 139	8.014445290321855e-08
	0.000000000000000e+00
	3.300000000000000e+00
	2.823305419378781e+00
	2.823305419378781e+00
	3.300258779273738e+00

 140	8.030954193546832e-08
	0.000000000000000e+00
	3.300000000000000e+00
	2.278511612954548e+00
	2.278511612954548e+00
	3.301460095101941e+00

 141	8.054455893357259e-08
	0.000000000000000e+00
	3.300000000000000e+00
	1.502955519210453e+00
	1.502955519210453e+00
	3.304442655665299e+00

 142	8.080483847014880e-08
	0.000000000000000e+00
	3.300000000000000e+00
	6.440330485089776e-01
	6.440330485089776e-01
	3.243397580114749e+00

 143	8.100000000000000e-08
	0.000000000000000e+00
	3.300000000000000e+00
	1.421085471520200e-14
	1.421085471520200e-14
	3.307104063826933e+00

 144	8.102365954149959e-08
	0.000000000000000e+00
	3.300000000000000e+00
	0.000000000000000e+00
	0.000000000000000e+00
	3.311229742995725e+00

 145	8.107097862449877e-08
	0.000000000000000e+00
	3.300000000000000e+00
	0.000000000000000e+00
	0.000000000000000e+00
	3.305128904679051e+00

 146	8.116561679049712e-08
	0.000000000000000e+00
	3.300000000000000e+00
	0.000000000000000e+00
	0.000000000000000e+00
	3.297586050995825e+00

 147	8.131692912622471e-08
	0.000000000000000e+00
	3.300000000000000e+00
	0.000000000000000e+00
	0.000000000000000e+00
	3.301615692818686e+00

 148	8.155657348265353e-08
	0.000000000000000e+00
	3.300000000000000e+00
	0.000000000000000e+00
	0.000000000000000e+00
	3.298712980676566e+00

 149	8.203586219551115e-08
	0.000000000000000e+00
	3.300000000000000e+00
	0.000000000000000e+00
	0.000000000000000e+00
	3.301155121583405e+00

 150	8.299443962122639e-08
	0.000000000000000e+00
	3.300000000000000e+00
	0.000000000000000e+00
	0.000000000000000e+00
	3.298903407742438e+00

 151	8.399443962122639e-08
	0.000000000000000e+00
	3.300000000000000e+00
	0.000000000000000e+00
	0.000000000000000e+00
	3.301043698623729e+00

 152	8.499443962122638e-08
	0.000000000000000e+00
	3.300000000000000e+00
	0.000000000000000e+00
	0.000000000000000e+00
	3.299005175466394e+00

 153	8.599443962122638e-08
	0.000000000000000e+00
	3.300000000000000e+00
	0.000000000000000e+00
	0.000000000000000e+00
	3.300948554924305e+00

 154	8.699443962122637e-08
	0.000000000000000e+00
	3.300000000000000e+00
	0.000000000000000e+00
	0.000000000000000e+00
	3.299094189578704e+00

 155	8.799443962122637e-08
	0.000000000000000e+00
	3.300000000000000e+00
	0.000000000000000e+00
	0.000000000000000e+00
	3.300865232432582e+00

 156	8.899443962122636e-08
	0.000000000000000e+00
	3.300000000000000e+00
	0.000000000000000e+00
	0.000000000000000e+00
	3.299172242611417e+00

 157	8.999443962122636e-08
	0.000000000000000e+00
	3.300000000000000e+00
	0.000000000000000e+00
	0.000000000000000e+00
	3.300792075090659e+00

 158	9.099443962122636e-08
	0.000000000000000e+00
	3.300000000000000e+00
	0.000000000000000e+00
	0.000000000000000e+00
	3.299240864836353e+00

 159	9.199443962122635e-08
	0.000000000000000e+00
	3.300000000000000e+00
	0.000000000000000e+00
	0.000000000000000e+00
	3.300727668886515e+00

 160	9.299443962122635e-08
	0.000000000000000e+00
	3.300000000000000e+00
	0.000000000000000e+00
	0.000000000000000e+00
	3.299301363125613e+00

 161	9.399443962122634e-08
	0.000000000000000e+00
	3.300000000000000e+00
	0.000000000000000e+00
	0.000000000000000e+00
	3.300670805957677e+00

 162	9.499443962122634e-08
	0.000000000000000e+00
	3.300000000000000e+00
	0.000000000000000e+00
	0.000000000000000e+00
	3.299354854112658e+00

 163	9.599443962122633e-08
	0.000000000000000e+00
	3.300000000000000e+00
	0.000000000000000e+00
	0.000000000000000e+00
	3.300620453981108e+00

 164	9.699443962122633e-08
	0.000000000000000e+00
	3.300000000000000e+00
	0.000000000000000e+00
	0.000000000000000e+00
	3.299402292428935e+00

 165	9.799443962122633e-08
	0.000000000000000e+00
	3.300000000000000e+00
	0.000000000000000e+00
	0.000000000000000e+00
	3.300575730129829e+00

 166	9.899443962122632e-08
	0.000000000000000e+00
	3.300000000000000e+00
	0.000000000000000e+00
	0.000000000000000e+00
	3.299444494736666e+00

 167	9.900000000000000e-08
	0.000000000000000e+00
	3.300000000000000e+00
	0.000000000000000e+00
	0.000000000000000e+00
	3.299788566521434e+00

 168	9.901112075754735e-08
	0.000000000000000e+00
	3.300000000000000e+00
	0.000000000000000e+00
	3.669849990626136e-02
	3.300088722452546e+00

 169	9.903336227264207e-08
	0.000000000000000e+00
	3.300000000000000e+00
	0.000000000000000e+00
	1.100954997188059e-01
	3.300256187660761e+00

 170	9.907784530283149e-08
	0.000000000000000e+00
	3.300000000000000e+00
	0.000000000000000e+00
	2.568894993438950e-01
	3.299997752838636e+00

 171	9.916681136321033e-08
	0.000000000000000e+00
	3.300000000000000e+00
	0.000000000000000e+00
	5.504774985940732e-01
	3.299967386997221e+00

 172	9.934474348396801e-08
	0.000000000000000e+00
	3.300000000000000e+00
	0.000000000000000e+00
	1.137653497094430e+00
	3.295685283782762e+00

 173	9.951743535186197e-08
	0.000000000000000e+00
	3.300000000000000e+00
	0.000000000000000e+00
	1.707536661144479e+00
	3.279362806556610e+00

 174	9.969839795547787e-08
	0.000000000000000e+00
	3.300000000000000e+00
	0.000000000000000e+00
	2.304713253076956e+00
	3.304083430082021e+00

 175	9.987607284165634e-08
	0.000000000000000e+00
	3.300000000000000e+00
	0.000000000000000e+00
	2.891040377465900e+00
	3.297427711660561e+00

 176	1.000000000000000e-07
	0.000000000000000e+00
	3.300000000000000e+00
	0.000000000000000e+00
	3.299999999999975e+00
	3.300033373164915e+00

 177	1.000355349772357e-07
	0.000000000000000e+00
	3.300000000000000e+00
	0.000000000000000e+00
	3.300000000000000e+00
	3.300687756501117e+00

 178	1.001066049317071e-07
	0.000000000000000e+00
	3.300000000000000e+00
	0.000000000000000e+00
	3.300000000000000e+00
	3.299967338829994e+00

 179	1.002487448406499e-07
	0.000000000000000e+00
	3.300000000000000e+00
	0.000000000000000e+00
	3.300000000000000e+00
	3.299920872128423e+00

 180	1.005330246585354e-07
	0.000000000000000e+00
	3.300000000000000e+00
	0.000000000000000e+00
	3.300000000000000e+00
	3.300108030042635e+00

 181	1.011015842943065e-07
	0.000000000000000e+00
	3.300000000000000e+00
	0.000000000000000e+00
	3.300000000000000e+00
	3.299882081366450e+00

 182	1.021015842943065e-07
	0.000000000000000e+00
	3.300000000000000e+00
	0.000000000000000e+00
	3.300000000000000e+00
	3.300122377405255e+00

 183	1.031015842943065e-07
	0.000000000000000e+00
	3.300000000000000e+00
	0.000000000000000e+00
	3.300000000000000e+00
	3.299873799310382e+00

 184	1.041015842943065e-07
	0.000000000000000e+00
	3.300000000000000e+00
	0.000000000000000e+00
	3.300000000000000e+00
	3.300129289039707e+00

 185	1.051015842943065e-07
	0.000000000000000e+00
	3.300000000000000e+00
	0.000000000000000e+00
	3.300000000000000e+00
	3.299868140261121e+00

 186	1.061015842943065e-07
	0.000000000000000e+00
	3.300000000000000e+00
	0.000000000000000e+00
	3.300000000000000e+00
	3.300133799391194e+00

 187	1.071015842943065e-07
	0.000000000000000e+00
	3.300000000000000e+00
	0.000000000000000e+00
	3.300000000000000e+00
	3.299864676847988e+00

 188	1.081015842943065e-07
	0.000000000000000e+00
	3.300000000000000e+00
	0.000000000000000e+00
	3.300000000000000e+00
	3.300136305548335e+00

 189	1.091015842943064e-07
	0.000000000000000e+00
	3.300000000000000e+00
	0.000000000000000e+00
	3.300000000000000e+00
	3.299863040232009e+00

 190	1.101015842943064e-07
	0.000000000000000e+00
	3.300000000000000e+00
	0.000000000000000e+00
	3.300000000000000e+00
	3.300137149924011e+00

 191	1.111015842943064e-07
	0.000000000000000e+00
	3.300000000000000e+00
	0.000000000000000e+00
	3.300000000000000e+00
	3.299862912640375e+00

 192	1.121015842943064e-07
	0.000000000000000e+00
	3.300000000000000e+00
	0.000000000000000e+00
	3.300000000000000e+00
	3.300136627238410e+00

 193	1.131015842943064e-07
	0.000000000000000e+00
	3.300000000000000e+00
	0.000000000000000e+00
	3.300000000000000e+00
	3.299864020836115e+00

 194	1.141015842943064e-07
	0.000000000000000e+00
	3.300000000000000e+00
	0.000000000000000e+00
	3.300000000000000e+00
	3.300134990634085e+00

 195	1.151015842943064e-07
	0.000000000000000e+00
	3.300000000000000e+00
	0.000000000000000e+00
	3.300000000000000e+00
	3.299866130396634e+00

 196	1.161015842943064e-07
	0.000000000000000e+00
	3.300000000000000e+00
	0.000000000000000e+00
	3.300000000000000e+00
	3.300132457032023e+00

 197	1.171015842943064e-07
	0.000000000000000e+00
	3.300000000000000e+00
	0.000000000000000e+00
	3.300000000000000e+00
	3.299869040671950e+00

 198	1.181015842943064e-07
	0.000000000000000e+00
	3.300000000000000e+00
	0.000000000000000e+00
	3.300000000000000e+00
	3.300129211870531e+00

 199	1.190000000000000e-07
	0.000000000000000e+00
	3.300000000000000e+00
	0.000000000000000e+00
	3.300000000000000e+00
	3.299872795452780e+00

 200	1.191000000000000e-07
	0.000000000000000e+00
	3.300000000000000e+00
	3.299999999999375e-01
	3.300000000000000e+00
	3.299997709411762e+00

 201	1.193000000000000e-07
	0.000000000000000e+00
	3.300000000000000e+00
	9.899999999999434e-01
	3.300000000000000e+00
	3.299894276552726e+00

 202	1.193500000000000e-07
	0.000000000000000e+00
	3.300000000000000e+00
	1.154999999999956e+00
	3.300000000000000e+00
	3.299921147688931e+00

 203	1.194500000000000e-07
	0.000000000000000e+00
	3.300000000000000e+00
	1.484999999999981e+00
	3.300000000000000e+00
	3.299969864271675e+00

 204	1.196500000000000e-07
	0.000000000000000e+00
	3.300000000000000e+00
	2.144999999999943e+00
	3.300000000000000e+00
	3.306710266731393e+00

 205	1.198321415029453e-07
	0.000000000000000e+00
	3.300000000000000e+00
	2.746066959719424e+00
	3.300000000000000e+00
	3.213912993438940e+00

 206	1.200000000000000e-07
	0.000000000000000e+00
	3.300000000000000e+00
	3.299999999999942e+00
	3.300000000000000e+00
	3.217426043249639e+00

 207	1.200200473895569e-07
	0.000000000000000e+00
	3.300000000000000e+00
	3.300000000000000e+00
	3.233843614462168e+00
	3.249812069270216e+00

 208	1.200601421686708e-07
	0.000000000000000e+00
	3.300000000000000e+00
	3.300000000000000e+00
	3.101530843386328e+00
	3.290642229624710e+00

 209	1.201403317268986e-07
	0.000000000000000e+00
	3.300000000000000e+00
	3.300000000000000e+00
	2.836905301234649e+00
	3.301730910928153e+00

 210	1.203007108433542e-07
	0.000000000000000e+00
	3.300000000000000e+00
	3.300000000000000e+00
	2.307654216931289e+00
	3.300163648572644e+00

 211	1.205092956513051e-07
	0.000000000000000e+00
	3.300000000000000e+00
	3.300000000000000e+00
	1.619324350693150e+00
	3.304282424135206e+00

 212	1.207443647349808e-07
	0.000000000000000e+00
	3.300000000000000e+00
	3.300000000000000e+00
	8.435963745632562e-01
	6.440069330734818e-01

 213	1.209292615985805e-07
	0.000000000000000e+00
	3.300000000000000e+00
	3.300000000000000e+00
	2.334367246842941e-01
	-2.163545399071130e-01

 214	1.210000000000000e-07
	0.000000000000000e+00
	3.300000000000000e+00
	3.300000000000000e+00
	1.016964290556643e-13
	7.241031595745163e-02

 215	1.210196336651790e-07
	0.000000000000000e+00
	3.300000000000000e+00
	3.300000000000000e+00
	0.000000000000000e+00
	3.148649616443572e-02

 216	1.210589009955369e-07
	0.000000000000000e+00
	3.300000000000000e+00
	3.300000000000000e+00
	0.000000000000000e+00
	-3.716342851147553e-03

 217	1.211374356562528e-07
	0.000000000000000e+00
	3.300000000000000e+00
	3.300000000000000e+00
	0.000000000000000e+00
	1.995607208154990e-03

 218	1.212945049776847e-07
	0.000000000000000e+00
	3.300000000000000e+00
	3.300000000000000e+00
	0.000000000000000e+00
	-1.442976453859601e-03

 219	1.216086436205483e-07
	0.000000000000000e+00
	3.300000000000000e+00
	3.300000000000000e+00
	0.000000000000000e+00
	1.232251806237504e-03

 220	1.222369209062756e-07
	0.000000000000000e+00
	3.300000000000000e+00
	3.300000000000000e+00
	0.000000000000000e+00
	-1.138249699454096e-03

 221	1.232369209062756e-07
	0.000000000000000e+00
	3.300000000000000e+00
	3.300000000000000e+00
	0.000000000000000e+00
	1.083543119772037e-03

 222	1.242369209062756e-07
	0.000000000000000e+00
	3.300000000000000e+00
	3.300000000000000e+00
	0.000000000000000e+00
	-1.030879790056517e-03

 223	1.252369209062756e-07
	0.000000000000000e+00
	3.300000000000000e+00
	3.300000000000000e+00
	0.000000000000000e+00
	9.814119523354550e-04

 224	1.262369209062756e-07
	0.000000000000000e+00
	3.300000000000000e+00
	3.300000000000000e+00
	0.000000000000000e+00
	-9.337490600924859e-04

 225	1.272369209062756e-07
	0.000000000000000e+00
	3.300000000000000e+00
	3.300000000000000e+00
	0.000000000000000e+00
	8.889968176777358e-04

 226	1.282369209062756e-07
	0.000000000000000e+00
	3.300000000000000e+00
	3.300000000000000e+00
	0.000000000000000e+00
	-8.458349147869963e-04

 227	1.292369209062756e-07
	0.000000000000000e+00
	3.300000000000000e+00
	3.300000000000000e+00
	0.000000000000000e+00
	8.053295429631367e-04

 228	1.302369209062755e-07
	0.000000000000000e+00
	3.300000000000000e+00
	3.300000000000000e+00
	0.000000000000000e+00
	-7.676726415748979e-04

 229	1.312369209062755e-07
	0.000000000000000e+00
	3.300000000000000e+00
	3.300000000000000e+00
	0.000000000000000e+00
	7.294854285035107e-04

 230	1.322369209062755e-07
	0.000000000000000e+00
	3.300000000000000e+00
	3.300000000000000e+00
	0.000000000000000e+00
	-6.952911796335969e-04

 231	1.332369209062755e-07
	0.000000000000000e+00
	3.300000000000000e+00
	3.300000000000000e+00
	0.000000000000000e+00
	6.607547853416298e-04

 232	1.342369209062755e-07
	0.000000000000000e+00
	3.300000000000000e+00
	3.300000000000000e+00
	0.000000000000000e+00
	-6.297022198460608e-04

 233	1.352369209062755e-07
	0.000000000000000e+00
	3.300000000000000e+00
	3.300000000000000e+00
	0.000000000000000e+00
	5.984377340340387e-04

 234	1.362369209062755e-07
	0.000000000000000e+00
	3.300000000000000e+00
	3.300000000000000e+00
	0.000000000000000e+00
	-5.702384478362531e-04

 235	1.372369209062755e-07
	0.000000000000000e+00
	3.300000000000000e+00
	3.300000000000000e+00
	0.000000000000000e+00
	5.419064212965688e-04

 236	1.382369209062755e-07
	0.000000000000000e+00
	3.300000000000000e+00
	3.300000000000000e+00
	0.000000000000000e+00
	-5.162982708025732e-04

 237	1.390000000000000e-07
	0.000000000000000e+00
	3.300000000000000e+00
	3.300000000000000e+00
	0.000000000000000e+00
	4.830788819694953e-04

 238	1.391000000000000e-07
	0.000000000000000e+00
	3.300000000000000e+00
	3.300000000000000e+00
	3.300000000000139e-01
	2.021540913284756e-04

 239	1.393000000000000e-07
	0.000000000000000e+00
	3.300000000000000e+00
	3.300000000000000e+00
	9.899999999999760e-01
	-3.419059723876079e-03

 240	1.395479583242799e-07
	0.000000000000000e+00
	3.300000000000000e+00
	3.300000000000000e+00
	1.808262470123526e+00
	1.874380850717819e+00

 241	1.397453981488422e-07
	0.000000000000000e+00
	3.300000000000000e+00
	3.300000000000000e+00
	2.459813891179260e+00
	3.314950270029787e+00

 242	1.399532845150230e-07
	0.000000000000000e+00
	3.300000000000000e+00
	3.300000000000000e+00
	3.145838899575970e+00
	3.290554130312334e+00

 243	1.400000000000000e-07
	0.000000000000000e+00
	3.300000000000000e+00
	3.300000000000000e+00
	3.299999999999975e+00
	3.297469601949699e+00

 244	1.400259631130015e-07
	0.000000000000000e+00
	3.300000000000000e+00
	3.300000000000000e+00
	3.300000000000000e+00
	3.299264756551424e+00

 245	1.400778893390044e-07
	0.000000000000000e+00
	3.300000000000000e+00
	3.300000000000000e+00
	3.300000000000000e+00
	3.300275284749978e+00

 246	1.401817417910104e-07
	0.000000000000000e+00
	3.300000000000000e+00
	3.300000000000000e+00
	3.300000000000000e+00
	3.299824774813535e+00

 247	1.403894466950222e-07
	0.000000000000000e+00
	3.300000000000000e+00
	3.300000000000000e+00
	3.300000000000000e+00
	3.300139327642711e+00

 248	1.408048565030459e-07
	0.000000000000000e+00
	3.300000000000000e+00
	3.300000000000000e+00
	3.300000000000000e+00
	3.299875243611627e+00

 249	1.416356761190932e-07
	0.000000000000000e+00
	3.300000000000000e+00
	3.300000000000000e+00
	3.300000000000000e+00
	3.300117962166911e+00

 250	1.426356761190932e-07
	0.000000000000000e+00
	3.300000000000000e+00
	3.300000000000000e+00
	3.300000000000000e+00
	3.299887209766417e+00

 251	1.436356761190932e-07
	0.000000000000000e+00
	3.300000000000000e+00
	3.300000000000000e+00
	3.300000000000000e+00
	3.300107691060774e+00

 252	1.446356761190932e-07
	0.000000000000000e+00
	3.300000000000000e+00
	3.300000000000000e+00
	3.300000000000000e+00
	3.299896979490986e+00

 253	1.456356761190932e-07
	0.000000000000000e+00
	3.300000000000000e+00
	3.300000000000000e+00
	3.300000000000000e+00
	3.300098398040035e+00

 254	1.466356761190932e-07
	0.000000000000000e+00
	3.300000000000000e+00
	3.300000000000000e+00
	3.300000000000000e+00
	3.299905820983398e+00

 255	1.476356761190932e-07
	0.000000000000000e+00
	3.300000000000000e+00
	3.300000000000000e+00
	3.300000000000000e+00
	3.300089986040697e+00

 256	1.486356761190931e-07
	0.000000000000000e+00
	3.300000000000000e+00
	3.300000000000000e+00
	3.300000000000000e+00
	3.299913826018404e+00

 257	1.496356761190931e-07
	0.000000000000000e+00
	3.300000000000000e+00
	3.300000000000000e+00
	3.300000000000000e+00
	3.300082368255275e+00

 258	1.506356761190931e-07
	0.000000000000000e+00
	3.300000000000000e+00
	3.300000000000000e+00
	3.300000000000000e+00
	3.299921076749641e+00

 259	1.516356761190931e-07
	0.000000000000000e+00
	3.300000000000000e+00
	3.300000000000000e+00
	3.300000000000000e+00
	3.300075466911318e+00

 260	1.526356761190931e-07
	0.000000000000000e+00
	3.300000000000000e+00
	3.300000000000000e+00
	3.300000000000000e+00
	3.299927646833268e+00

 261	1.536356761190931e-07
	0.000000000000000e+00
	3.300000000000000e+00
	3.300000000000000e+00
	3.300000000000000e+00
	3.300069212228077e+00

 262	1.546356761190931e-07
	0.000000000000000e+00
	3.300000000000000e+00
	3.300000000000000e+00
	3.300000000000000e+00
	3.299933602402508e+00

 263	1.556356761190931e-07
	0.000000000000000e+00
	3.300000000000000e+00
	3.300000000000000e+00
	3.300000000000000e+00
	3.300063541528147e+00

 264	1.566356761190931e-07
	0.000000000000000e+00
	3.300000000000000e+00
	3.300000000000000e+00
	3.300000000000000e+00
	3.299939002885105e+00

 265	1.576356761190931e-07
	0.000000000000000e+00
	3.300000000000000e+00
	3.300000000000000e+00
	3.300000000000000e+00
	3.300058398450027e+00

 266	1.586356761190931e-07
	0.000000000000000e+00
	3.300000000000000e+00
	3.300000000000000e+00
	3.300000000000000e+00
	3.299943901748045e+00

 267	1.590000000000000e-07
	0.000000000000000e+00
	3.300000000000000e+00
	3.300000000000000e+00
	3.300000000000000e+00
	3.300049993279997e+00

 268	1.591000000000000e-07
	3.300000000000248e-01
	3.300000000000000e+00
	3.300000000000000e+00
	3.300000000000000e+00
	3.300011918420318e+00

 269	1.593000000000000e-07
	9.899999999999870e-01
	3.300000000000000e+00
	3.300000000000000e+00
	3.300000000000000e+00
	3.299765249473043e+00

 270	1.595651905116957e-07
	1.865128688595745e+00
	3.300000000000000e+00
	3.300000000000000e+00
	3.300000000000000e+00
	3.302628691408078e+00

 271	1.598434742016965e-07
	2.783464865598515e+00
	3.300000000000000e+00
	3.300000000000000e+00
	3.300000000000000e+00
	4.449930028814252e-01

 272	1.600000000000000e-07
	3.300000000000000e+00
	3.300000000000000e+00
	3.300000000000000e+00
	3.300000000000000e+00
	-2.392224606337579e-01

 273	1.600259834527312e-07
	3.300000000000000e+00
	3.214254605986898e+00
	3.214254605986898e+00
	3.214254605986898e+00
	-1.001892152539519e-01

 274	1.600779503581938e-07
	3.300000000000000e+00
	3.042763817960607e+00
	3.042763817960607e+00
	3.042763817960607e+00
	1.323961452346026e-02

 275	1.601818841691188e-07
	3.300000000000000e+00
	2.699782241908023e+00
	2.699782241908023e+00
	2.699782241908023e+00
	-7.793155382471342e-03

 276	1.603581095341421e-07
	3.300000000000000e+00
	2.118238537330959e+00
	2.118238537330959e+00
	2.118238537330959e+00
	5.750599884590209e-03

 277	1.605742162696527e-07
	3.300000000000000e+00
	1.405086310145985e+00
	1.405086310145985e+00
	1.405086310145985e+00
	-4.254645209713713e-03

 278	1.608964426368906e-07
	3.300000000000000e+00
	3.417392982610750e-01
	3.417392982610750e-01
	3.417392982610750e-01
	2.824482314884282e-03

 279	1.610000000000000e-07
	3.300000000000000e+00
	1.421085471520200e-14
	1.421085471520200e-14
	1.421085471520200e-14
	-3.155983940535720e-03

 280	1.610360156027995e-07
	3.300000000000000e+00
	0.000000000000000e+00
	0.000000000000000e+00
	0.000000000000000e+00
	1.130416007991519e-03

 281	1.611080468083985e-07
	3.300000000000000e+00
	0.000000000000000e+00
	0.000000000000000e+00
	0.000000000000000e+00
	1.758050497591993e-03

 282	1.612521092195965e-07
	3.300000000000000e+00
	0.000000000000000e+00
	0.000000000000000e+00
	0.000000000000000e+00
	-9.694520084245900e-04

 283	1.615402340419925e-07
	3.300000000000000e+00
	0.000000000000000e+00
	0.000000000000000e+00
	0.000000000000000e+00
	8.030480716120225e-04

 284	1.621164836867845e-07
	3.300000000000000e+00
	0.000000000000000e+00
	0.000000000000000e+00
	0.000000000000000e+00
	-7.166984772915934e-04

 285	1.631164836867845e-07
	3.300000000000000e+00
	0.000000000000000e+00
	0.000000000000000e+00
	0.000000000000000e+00
	6.764807176071370e-04

 286	1.641164836867845e-07
	3.300000000000000e+00
	0.000000000000000e+00
	0.000000000000000e+00
	0.000000000000000e+00
	-6.366506486658093e-04

 287	1.651164836867845e-07
	3.300000000000000e+00
	0.000000000000000e+00
	0.000000000000000e+00
	0.000000000000000e+00
	6.005782306060074e-04

 288	1.661164836867845e-07
	3.300000000000000e+00
	0.000000000000000e+00
	0.000000000000000e+00
	0.000000000000000e+00
	-5.659709174361226e-04

 289	1.671164836867845e-07
	3.300000000000000e+00
	0.000000000000000e+00
	0.000000000000000e+00
	0.000000000000000e+00
	5.342609838936332e-04

 290	1.681164836867845e-07
	3.300000000000000e+00
	0.000000000000000e+00
	0.000000000000000e+00
	0.000000000000000e+00
	-5.038912579040204e-04

 291	1.691164836867845e-07
	3.300000000000000e+00
	0.000000000000000e+00
	0.000000000000000e+00
	0.000000000000000e+00
	4.759765080460023e-04

 292	1.701164836867845e-07
	3.300000000000000e+00
	0.000000000000000e+00
	0.000000000000000e+00
	0.000000000000000e+00
	-4.491989073393474e-04

 293	1.711164836867845e-07
	3.300000000000000e+00
	0.000000000000000e+00
	0.000000000000000e+00
	0.000000000000000e+00
	4.245632284533892e-04

 294	1.721164836867845e-07
	3.300000000000000e+00
	0.000000000000000e+00
	0.000000000000000e+00
	0.000000000000000e+00
	-4.008717936537995e-04

 295	1.731164836867845e-07
	3.300000000000000e+00
	0.000000000000000e+00
	0.000000000000000e+00
	0.000000000000000e+00
	3.790786268546287e-04

 296	1.741164836867845e-07
	3.300000000000000e+00
	0.000000000000000e+00
	0.000000000000000e+00
	0.000000000000000e+00
	-3.580602242003929e-04

 297	1.751164836867844e-07
	3.300000000000000e+00
	0.000000000000000e+00
	0.000000000000000e+00
	0.000000000000000e+00
	3.387427924782666e-04

 298	1.761164836867844e-07
	3.300000000000000e+00
	0.000000000000000e+00
	0.000000000000000e+00
	0.000000000000000e+00
	-3.200539805012243e-04

 299	1.771164836867844e-07
	3.300000000000000e+00
	0.000000000000000e+00
	0.000000000000000e+00
	0.000000000000000e+00
	3.029025602614976e-04

 300	1.781164836867844e-07
	3.300000000000000e+00
	0.000000000000000e+00
	0.000000000000000e+00
	0.000000000000000e+00
	-2.862539797297507e-04

 301	1.790000000000000e-07
	3.300000000000000e+00
	0.000000000000000e+00
	0.000000000000000e+00
	0.000000000000000e+00
	2.690317166515934e-04

 302	1.791000000000000e-07
	3.300000000000000e+00
	0.000000000000000e+00
	0.000000000000000e+00
	3.300000000000139e-01
	2.379618563499095e-04

 303	1.793000000000000e-07
	3.300000000000000e+00
	0.000000000000000e+00
	0.000000000000000e+00
	9.899999999999760e-01
	-8.049810382500751e-03

 304	1.793312192562089e-07
	3.300000000000000e+00
	0.000000000000000e+00
	0.000000000000000e+00
	1.093023545489238e+00
	-1.283478321548588e-02

 305	1.793936577686266e-07
	3.300000000000000e+00
	0.000000000000000e+00
	0.000000000000000e+00
	1.299070636467850e+00
	5.304119717645175e-03

 306	1.795185347934621e-07
	3.300000000000000e+00
	0.000000000000000e+00
	0.000000000000000e+00
	1.711164818425073e+00
	8.337522343515248e-01

 307	1.796454771030985e-07
	3.300000000000000e+00
	0.000000000000000e+00
	0.000000000000000e+00
	2.130074440225108e+00
	2.841147156885159e+00

 308	1.797846121882907e-07
	3.300000000000000e+00
	0.000000000000000e+00
	0.000000000000000e+00
	2.589220221359293e+00
	3.463976829098594e+00

 309	1.799174873557755e-07
	3.300000000000000e+00
	0.000000000000000e+00
	0.000000000000000e+00
	3.027708274059283e+00
	3.204162100068267e+00

 310	1.800000000000000e-07
	3.300000000000000e+00
	0.000000000000000e+00
	0.000000000000000e+00
	3.299999999999975e+00
	3.338825295096020e+00

 311	1.800236015531397e-07
	3.300000000000000e+00
	0.000000000000000e+00
	0.000000000000000e+00
	3.300000000000000e+00
	3.315513279302359e+00

 312	1.800708046594191e-07
	3.300000000000000e+00
	0.000000000000000e+00
	0.000000000000000e+00
	3.300000000000000e+00
	3.297025289415045e+00

 313	1.801652108719780e-07
	3.300000000000000e+00
	0.000000000000000e+00
	0.000000000000000e+00
	3.300000000000000e+00
	3.301470818113943e+00

 314	1.803540232970958e-07
	3.300000000000000e+00
	0.000000000000000e+00
	0.000000000000000e+00
	3.300000000000000e+00
	3.298936900004907e+00

 315	1.807316481473312e-07
	3.300000000000000e+00
	0.000000000000000e+00
	0.000000000000000e+00
	3.300000000000000e+00
	3.300905021883740e+00

 316	1.814868978478022e-07
	3.300000000000000e+00
	0.000000000000000e+00
	0.000000000000000e+00
	3.300000000000000e+00
	3.299164121910595e+00

 317	1.824868978478022e-07
	3.300000000000000e+00
	0.000000000000000e+00
	0.000000000000000e+00
	3.300000000000000e+00
	3.300787250160607e+00

 318	1.834868978478022e-07
	3.300000000000000e+00
	0.000000000000000e+00
	0.000000000000000e+00
	3.300000000000000e+00
	3.299255757044123e+00

 319	1.844868978478022e-07
	3.300000000000000e+00
	0.000000000000000e+00
	0.000000000000000e+00
	3.300000000000000e+00
	3.300697704977966e+00

 320	1.854868978478022e-07
	3.300000000000000e+00
	0.000000000000000e+00
	0.000000000000000e+00
	3.300000000000000e+00
	3.299339715778707e+00

 321	1.864868978478022e-07
	3.300000000000000e+00
	0.000000000000000e+00
	0.000000000000000e+00
	3.300000000000000e+00
	3.300619169121223e+00

 322	1.874868978478021e-07
	3.300000000000000e+00
	0.000000000000000e+00
	0.000000000000000e+00
	3.300000000000000e+00
	3.299413865870192e+00

 323	1.884868978478021e-07
	3.300000000000000e+00
	0.000000000000000e+00
	0.000000000000000e+00
	3.300000000000000e+00
	3.300549782449897e+00

 324	1.894868978478021e-07
	3.300000000000000e+00
	0.000000000000000e+00
	0.000000000000000e+00
	3.300000000000000e+00
	3.299479403039772e+00

 325	1.904868978478021e-07
	3.300000000000000e+00
	0.000000000000000e+00
	0.000000000000000e+00
	3.300000000000000e+00
	3.300488431162782e+00

 326	1.914868978478021e-07
	3.300000000000000e+00
	0.000000000000000e+00
	0.000000000000000e+00
	3.300000000000000e+00
	3.299537372223366e+00

 327	1.924868978478021e-07
	3.300000000000000e+00
	0.000000000000000e+00
	0.000000000000000e+00
	3.300000000000000e+00
	3.300434143535178e+00

 328	1.934868978478021e-07
	3.300000000000000e+00
	0.000000000000000e+00
	0.000000000000000e+00
	3.300000000000000e+00
	3.299588685884708e+00

 329	1.944868978478021e-07
	3.300000000000000e+00
	0.000000000000000e+00
	0.000000000000000e+00
	3.300000000000000e+00
	3.300386070613944e+00

 330	1.954868978478021e-07
	3.300000000000000e+00
	0.000000000000000e+00
	0.000000000000000e+00
	3.300000000000000e+00
	3.299634141561170e+00

 331	1.964868978478021e-07
	3.300000000000000e+00
	0.000000000000000e+00
	0.000000000000000e+00
	3.300000000000000e+00
	3.300343470008409e+00

 332	1.974868978478021e-07
	3.300000000000000e+00
	0.000000000000000e+00
	0.000000000000000e+00
	3.300000000000000e+00
	3.299674436988156e+00

 333	1.984868978478021e-07
	3.300000000000000e+00
	0.000000000000000e+00
	0.000000000000000e+00
	3.300000000000000e+00
	3.300305691932417e+00

 334	1.990000000000000e-07
	3.300000000000000e+00
	0.000000000000000e+00
	0.000000000000000e+00
	3.300000000000000e+00
	3.299726411770723e+00

 335	1.991000000000000e-07
	3.300000000000000e+00
	0.000000000000000e+00
	3.299999999999811e-01
	3.300000000000000e+00
	3.299969079608530e+00

 336	1.993000000000000e-07
	3.300000000000000e+00
	0.000000000000000e+00
	9.899999999999434e-01
	3.300000000000000e+00
	3.299878942928621e+00

 337	1.995649785172393e-07
	3.300000000000000e+00
	0.000000000000000e+00
	1.864429106889727e+00
	3.300000000000000e+00
	3.301995189506092e+00

 338	1.996012919381048e-07
	3.300000000000000e+00
	0.000000000000000e+00
	1.984263395745648e+00
	3.300000000000000e+00
	3.304250796931340e+00

 339	1.996739187798356e-07
	3.300000000000000e+00
	0.000000000000000e+00
	2.223931973457405e+00
	3.300000000000000e+00
	3.319231338957294e+00

 340	1.997758934853530e-07
	3.300000000000000e+00
	0.000000000000000e+00
	2.560448501664915e+00
	3.300000000000000e+00
	1.088721758579435e+00

 341	1.998682649766765e-07
	3.300000000000000e+00
	0.000000000000000e+00
	2.865274423032530e+00
	3.300000000000000e+00
	-1.382073927032337e-01

 342	1.999635981584809e-07
	3.300000000000000e+00
	0.000000000000000e+00
	3.179873922986846e+00
	3.300000000000000e+00
	8.543099096782911e-02

 343	2.000000000000000e-07
	3.300000000000000e+00
	0.000000000000000e+00
	3.299999999999942e+00
	3.300000000000000e+00
	-2.059572439088941e-02

 344	2.000124485393146e-07
	3.300000000000000e+00
	0.000000000000000e+00
	3.300000000000000e+00
	3.258919820261787e+00
	-4.431784908575209e-03

 345	2.000373456179438e-07
	3.300000000000000e+00
	0.000000000000000e+00
	3.300000000000000e+00
	3.176759460785273e+00
	1.444429665249630e-03

 346	2.000871397752023e-07
	3.300000000000000e+00
	0.000000000000000e+00
	3.300000000000000e+00
	3.012438741832244e+00
	-1.353169119879635e-03

 347	2.001867280897193e-07
	3.300000000000000e+00
	0.000000000000000e+00
	3.300000000000000e+00
	2.683797303926187e+00
	1.046404351259217e-03

 348	2.003859047187533e-07
	3.300000000000000e+00
	0.000000000000000e+00
	3.300000000000000e+00
	2.026514428114073e+00
	-1.008987983607337e-03

 349	2.007842579768212e-07
	3.300000000000000e+00
	0.000000000000000e+00
	3.300000000000000e+00
	7.119486764899312e-01
	1.041502346845975e-03

 350	2.010000000000000e-07
	3.300000000000000e+00
	0.000000000000000e+00
	3.300000000000000e+00
	1.421085471520200e-14
	-1.025837566859457e-03

 351	2.010774135904958e-07
	3.300000000000000e+00
	0.000000000000000e+00
	3.300000000000000e+00
	0.000000000000000e+00
	1.658724950213131e-04

 352	2.012322407714874e-07
	3.300000000000000e+00
	0.000000000000000e+00
	3.300000000000000e+00
	0.000000000000000e+00
	-3.989679426999460e-05

 353	2.015418951334706e-07
	3.300000000000000e+00
	0.000000000000000e+00
	3.300000000000000e+00
	0.000000000000000e+00
	5.226075538319191e-06

 354	2.021612038574370e-07
	3.300000000000000e+00
	0.000000000000000e+00
	3.300000000000000e+00
	0.000000000000000e+00
	7.920340035150880e-06

 355	2.031612038574370e-07
	3.300000000000000e+00
	0.000000000000000e+00
	3.300000000000000e+00
	0.000000000000000e+00
	-1.452642061163315e-05

 356	2.041612038574370e-07
	3.300000000000000e+00
	0.000000000000000e+00
	3.300000000000000e+00
	0.000000000000000e+00
	2.073769443136295e-05

 357	2.051612038574370e-07
	3.300000000000000e+00
	0.000000000000000e+00
	3.300000000000000e+00
	0.000000000000000e+00
	-2.580234825297519e-05

 358	2.061612038574370e-07
	3.300000000000000e+00
	0.000000000000000e+00
	3.300000000000000e+00
	0.000000000000000e+00
	3.062119723050254e-05

 359	2.071612038574370e-07
	3.300000000000000e+00
	0.000000000000000e+00
	3.300000000000000e+00
	0.000000000000000e+00
	-3.442411879576827e-05

 360	2.081612038574369e-07
	3.300000000000000e+00
	0.000000000000000e+00
	3.300000000000000e+00
	0.000000000000000e+00
	3.810474482881902e-05

 361	2.091612038574369e-07
	3.300000000000000e+00
	0.000000000000000e+00
	3.300000000000000e+00
	0.000000000000000e+00
	-4.087823975742512e-05

 362	2.101612038574369e-07
	3.300000000000000e+00
	0.000000000000000e+00
	3.300000000000000e+00
	0.000000000000000e+00
	4.363173074516460e-05

 363	2.111612038574369e-07
	3.300000000000000e+00
	0.000000000000000e+00
	3.300000000000000e+00
	0.000000000000000e+00
	-4.556852207335087e-05

 364	2.121612038574369e-07
	3.300000000000000e+00
	0.000000000000000e+00
	3.300000000000000e+00
	0.000000000000000e+00
	4.756992153564545e-05

 365	2.131612038574369e-07
	3.300000000000000e+00
	0.000000000000000e+00
	3.300000000000000e+00
	0.000000000000000e+00
	-4.882966883738675e-05

 366	2.141612038574369e-07
	3.300000000000000e+00
	0.000000000000000e+00
	3.300000000000000e+00
	0.000000000000000e+00
	5.022393020396275e-05

 367	2.151612038574369e-07
	3.300000000000000e+00
	0.000000000000000e+00
	3.300000000000000e+00
	0.000000000000000e+00
	-5.093877273537259e-05

 368	2.161612038574369e-07
	3.300000000000000e+00
	0.000000000000000e+00
	3.300000000000000e+00
	0.000000000000000e+00
	5.184583538717265e-05

 369	2.171612038574369e-07
	3.300000000000000e+00
	0.000000000000000e+00
	3.300000000000000e+00
	0.000000000000000e+00
	-5.212496492690115e-05

 370	2.181612038574369e-07
	3.300000000000000e+00
	0.000000000000000e+00
	3.300000000000000e+00
	0.000000000000000e+00
	5.264384242512597e-05

 371	2.190000000000000e-07
	3.300000000000000e+00
	0.000000000000000e+00
	3.300000000000000e+00
	0.000000000000000e+00
	-5.258828695809889e-05

 372	2.191000000000000e-07
	3.300000000000000e+00
	0.000000000000000e+00
	3.300000000000000e+00
	3.300000000000139e-01
	1.360134709375294e-04

 373	2.193000000000000e-07
	3.300000000000000e+00
	0.000000000000000e+00
	3.300000000000000e+00
	9.899999999999760e-01
	-5.842483451506258e-05

 374	2.197000000000000e-07
	3.300000000000000e+00
	0.000000000000000e+00
	3.300000000000000e+00
	2.309999999999988e+00
	6.335666897019920e-05

 375	2.200000000000000e-07
	3.300000000000000e+00
	0.000000000000000e+00
	3.300000000000000e+00
	3.299999999999975e+00
	-4.773343773905453e-05

 376	2.200448539074530e-07
	3.300000000000000e+00
	0.000000000000000e+00
	3.300000000000000e+00
	3.300000000000000e+00
	-2.472373874189415e-04

 377	2.201345617223590e-07
	3.300000000000000e+00
	0.000000000000000e+00
	3.300000000000000e+00
	3.300000000000000e+00
	-6.605609612067576e-05

 378	2.203139773521711e-07
	3.300000000000000e+00
	0.000000000000000e+00
	3.300000000000000e+00
	3.300000000000000e+00
	7.009684205969841e-05

 379	2.206728086117952e-07
	3.300000000000000e+00
	0.000000000000000e+00
	3.300000000000000e+00
	3.300000000000000e+00
	-6.609600438034491e-05

 380	2.213904711310435e-07
	3.300000000000000e+00
	0.000000000000000e+00
	3.300000000000000e+00
	3.300000000000000e+00
	6.384542752941452e-05

 381	2.223904711310435e-07
	3.300000000000000e+00
	0.000000000000000e+00
	3.300000000000000e+00
	3.300000000000000e+00
	-6.172321138161845e-05

 382	2.233904711310435e-07
	3.300000000000000e+00
	0.000000000000000e+00
	3.300000000000000e+00
	3.300000000000000e+00
	5.995100533293107e-05

 383	2.243904711310435e-07
	3.300000000000000e+00
	0.000000000000000e+00
	3.300000000000000e+00
	3.300000000000000e+00
	-5.770153635390948e-05

 384	2.253904711310435e-07
	3.300000000000000e+00
	0.000000000000000e+00
	3.300000000000000e+00
	3.300000000000000e+00
	5.585026939491748e-05

 385	2.263904711310435e-07
	3.300000000000000e+00
	0.000000000000000e+00
	3.300000000000000e+00
	3.300000000000000e+00
	-5.356315046135124e-05

 386	2.273904711310435e-07
	3.300000000000000e+00
	0.000000000000000e+00
	3.300000000000000e+00
	3.300000000000000e+00
	5.170795433032636e-05

 387	2.283904711310435e-07
	3.300000000000000e+00
	0.000000000000000e+00
	3.300000000000000e+00
	3.300000000000000e+00
	-4.944578710731722e-05

 388	2.293904711310435e-07
	3.300000000000000e+00
	0.000000000000000e+00
	3.300000000000000e+00
	3.300000000000000e+00
	4.763843764928402e-05

 389	2.303904711310435e-07
	3.300000000000000e+00
	0.000000000000000e+00
	3.300000000000000e+00
	3.300000000000000e+00
	-4.544370358116473e-05

 390	2.313904711310435e-07
	3.300000000000000e+00
	0.000000000000000e+00
	3.300000000000000e+00
	3.300000000000000e+00
	4.380110957789667e-05

 391	2.323904711310435e-07
	3.300000000000000e+00
	0.000000000000000e+00
	3.300000000000000e+00
	3.300000000000000e+00
	-4.154205755951650e-05

 392	2.333904711310435e-07
	3.300000000000000e+00
	0.000000000000000e+00
	3.300000000000000e+00
	3.300000000000000e+00
	4.007245036199633e-05

 393	2.343904711310435e-07
	3.300000000000000e+00
	0.000000000000000e+00
	3.300000000000000e+00
	3.300000000000000e+00
	-3.793955909147523e-05

 394	2.353904711310435e-07
	3.300000000000000e+00
	0.000000000000000e+00
	3.300000000000000e+00
	3.300000000000000e+00
	3.657224746700556e-05

 395	2.363904711310435e-07
	3.300000000000000e+00
	0.000000000000000e+00
	3.300000000000000e+00
	3.300000000000000e+00
	-3.457328624264372e-05

 396	2.373904711310435e-07
	3.300000000000000e+00
	0.000000000000000e+00
	3.300000000000000e+00
	3.300000000000000e+00
	3.331474053380572e-05

 397	2.383904711310435e-07
	3.300000000000000e+00
	0.000000000000000e+00
	3.300000000000000e+00
	3.300000000000000e+00
	-3.145169246748097e-05

 398	2.390000000000000e-07
	3.300000000000000e+00
	0.000000000000000e+00
	3.300000000000000e+00
	3.300000000000000e+00
	2.942469347412199e-05

 399	2.391000000000000e-07
	3.300000000000000e+00
	3.300000000000248e-01
	3.300000000000000e+00
	3.300000000000000e+00
	1.042937506087610e-04

 400	2.393000000000000e-07
	3.300000000000000e+00
	9.900000000000745e-01
	3.300000000000000e+00
	3.300000000000000e+00
	-2.096279472783291e-04

 401	2.395764760121931e-07
	3.300000000000000e+00
	1.902370840237196e+00
	3.300000000000000e+00
	3.300000000000000e+00
	-1.896897873329764e-04

 402	2.398490567177363e-07
	3.300000000000000e+00
	2.801887168529814e+00
	3.300000000000000e+00
	3.300000000000000e+00
	4.574617667752884e-04

 403	2.400000000000000e-07
	3.300000000000000e+00
	3.299999999999899e+00
	3.300000000000000e+00
	3.300000000000000e+00
	9.971854681056075e-05

 404	2.400296234014814e-07
	3.300000000000000e+00
	3.300000000000000e+00
	3.202242775111628e+00
	3.202242775111628e+00
	-4.290632653956988e-04

 405	2.400888702044441e-07
	3.300000000000000e+00
	3.300000000000000e+00
	3.006728325334534e+00
	3.006728325334534e+00
	-2.934037202815126e-04

 406	2.402073638103696e-07
	3.300000000000000e+00
	3.300000000000000e+00
	2.615699425780345e+00
	2.615699425780345e+00
	1.460919199956084e-04

 407	2.404443510222207e-07
	3.300000000000000e+00
	3.300000000000000e+00
	1.833641626671794e+00
	1.833641626671794e+00
	-3.156987248600224e-05

 408	2.407114618992226e-07
	3.300000000000000e+00
	3.300000000000000e+00
	9.521757325654816e-01
	9.521757325654816e-01
	5.828684226366065e-04

 409	2.409692328350693e-07
	3.300000000000000e+00
	3.300000000000000e+00
	1.015316442714744e-01
	1.015316442714744e-01
	-1.037041529987077e-03

 410	2.410000000000000e-07
	3.300000000000000e+00
	3.300000000000000e+00
	1.016964290556643e-13
	1.016964290556643e-13
	-4.133357921038139e-04

 411	2.410251815777588e-07
	3.300000000000000e+00
	3.300000000000000e+00
	0.000000000000000e+00
	0.000000000000000e+00
	2.229843914315632e-04

 412	2.410755447332762e-07
	3.300000000000000e+00
	3.300000000000000e+00
	0.000000000000000e+00
	0.000000000000000e+00
	1.923909934679752e-04

 413	2.411762710443112e-07
	3.300000000000000e+00
	3.300000000000000e+00
	0.000000000000000e+00
	0.000000000000000e+00
	-2.100590487086051e-04

 414	2.413777236663810e-07
	3.300000000000000e+00
	3.300000000000000e+00
	0.000000000000000e+00
	0.000000000000000e+00
	1.698782942355509e-04

 415	2.417654366591706e-07
	3.300000000000000e+00
	3.300000000000000e+00
	0.000000000000000e+00
	0.000000000000000e+00
	-1.517987350998437e-04

 416	2.424761038619588e-07
	3.300000000000000e+00
	3.300000000000000e+00
	0.000000000000000e+00
	0.000000000000000e+00
	1.448475934803916e-04

 417	2.434761038619588e-07
	3.300000000000000e+00
	3.300000000000000e+00
	0.000000000000000e+00
	0.000000000000000e+00
	-1.389415488394947e-04

 418	2.444761038619589e-07
	3.300000000000000e+00
	3.300000000000000e+00
	0.000000000000000e+00
	0.000000000000000e+00
	1.342049389224786e-04

 419	2.454761038619589e-07
	3.300000000000000e+00
	3.300000000000000e+00
	0.000000000000000e+00
	0.000000000000000e+00
	-1.289610667687281e-04

 420	2.464761038619589e-07
	3.300000000000000e+00
	3.300000000000000e+00
	0.000000000000000e+00
	0.000000000000000e+00
	1.245112793398766e-04

 421	2.474761038619589e-07
	3.300000000000000e+00
	3.300000000000000e+00
	0.000000000000000e+00
	0.000000000000000e+00
	-1.196817525561909e-04

 422	2.484761038619589e-07
	3.300000000000000e+00
	3.300000000000000e+00
	0.000000000000000e+00
	0.000000000000000e+00
	1.155355519569072e-04

 423	2.494761038619590e-07
	3.300000000000000e+00
	3.300000000000000e+00
	0.000000000000000e+00
	0.000000000000000e+00
	-1.110430185531520e-04

 424	2.504761038619590e-07
	3.300000000000000e+00
	3.300000000000000e+00
	0.000000000000000e+00
	0.000000000000000e+00
	1.071811744882360e-04

 425	2.514761038619590e-07
	3.300000000000000e+00
	3.300000000000000e+00
	0.000000000000000e+00
	0.000000000000000e+00
	-1.029835627890090e-04

 426	2.524761038619590e-07
	3.300000000000000e+00
	3.300000000000000e+00
	0.000000000000000e+00
	0.000000000000000e+00
	9.938561720914361e-05

 427	2.534761038619591e-07
	3.300000000000000e+00
	3.300000000000000e+00
	0.000000000000000e+00
	0.000000000000000e+00
	-9.545484443141197e-05

 428	2.544761038619591e-07
	3.300000000000000e+00
	3.300000000000000e+00
	0.000000000000000e+00
	0.000000000000000e+00
	9.210290470306783e-05

 429	2.554761038619591e-07
	3.300000000000000e+00
	3.300000000000000e+00
	0.000000000000000e+00
	0.000000000000000e+00
	-8.841797289388907e-05

 430	2.564761038619591e-07
	3.300000000000000e+00
	3.300000000000000e+00
	0.000000000000000e+00
	0.000000000000000e+00
	8.529652880206497e-05

 431	2.574761038619591e-07
	3.300000000000000e+00
	3.300000000000000e+00
	0.000000000000000e+00
	0.000000000000000e+00
	-8.184044867986205e-05

 432	2.584761038619592e-07
	3.300000000000000e+00
	3.300000000000000e+00
	0.000000000000000e+00
	0.000000000000000e+00
	7.893573638259078e-05

 433	2.590000000000001e-07
	3.300000000000000e+00
	3.300000000000000e+00
	0.000000000000000e+00
	1.637817612854995e-13
	-7.302714848082814e-05

 434	2.591000000000001e-07
	3.300000000000000e+00
	3.300000000000000e+00
	0.000000000000000e+00
	3.300000000001886e-01
	1.333500883029734e-04

 435	2.593000000000001e-07
	3.300000000000000e+00
	3.300000000000000e+00
	0.000000000000000e+00
	9.900000000002382e-01
	-5.891579524724966e-05

 436	2.597000000000001e-07
	3.300000000000000e+00
	3.300000000000000e+00
	0.000000000000000e+00
	2.310000000000163e+00
	6.019603211809832e-05

 437	2.600000000000001e-07
	3.300000000000000e+00
	3.300000000000000e+00
	0.000000000000000e+00
	3.300000000000000e+00
	-3.430222880800027e-05

 438	2.600656840608579e-07
	3.300000000000000e+00
	3.300000000000000e+00
	0.000000000000000e+00
	3.300000000000000e+00
	-2.230710561734600e-04

 439	2.601970521825736e-07
	3.300000000000000e+00
	3.300000000000000e+00
	0.000000000000000e+00
	3.300000000000000e+00
	1.327452315497135e-05

 440	2.604597884260050e-07
	3.300000000000000e+00
	3.300000000000000e+00
	0.000000000000000e+00
	3.300000000000000e+00
	2.102102959147117e-05

 441	2.609852609128678e-07
	3.300000000000000e+00
	3.300000000000000e+00
	0.000000000000000e+00
	3.300000000000000e+00
	-3.034736683935058e-05

 442	2.619852609128678e-07
	3.300000000000000e+00
	3.300000000000000e+00
	0.000000000000000e+00
	3.300000000000000e+00
	3.427367025968242e-05

 443	2.629852609128678e-07
	3.300000000000000e+00
	3.300000000000000e+00
	0.000000000000000e+00
	3.300000000000000e+00
	-3.680721425591491e-05

 444	2.639852609128678e-07
	3.300000000000000e+00
	3.300000000000000e+00
	0.000000000000000e+00
	3.300000000000000e+00
	3.942692757228673e-05

 445	2.649852609128678e-07
	3.300000000000000e+00
	3.300000000000000e+00
	0.000000000000000e+00
	3.300000000000000e+00
	-4.073544322816258e-05

 446	2.659852609128679e-07
	3.300000000000000e+00
	3.300000000000000e+00
	0.000000000000000e+00
	3.300000000000000e+00
	4.232406469895263e-05

 447	2.669852609128679e-07
	3.300000000000000e+00
	3.300000000000000e+00
	0.000000000000000e+00
	3.300000000000000e+00
	-4.273931876170450e-05

 448	2.679852609128679e-07
	3.300000000000000e+00
	3.300000000000000e+00
	0.000000000000000e+00
	3.300000000000000e+00
	4.357113383301678e-05

 449	2.689852609128679e-07
	3.300000000000000e+00
	3.300000000000000e+00
	0.000000000000000e+00
	3.300000000000000e+00
	-4.333968184850115e-05

 450	2.699852609128680e-07
	3.300000000000000e+00
	3.300000000000000e+00
	0.000000000000000e+00
	3.300000000000000e+00
	4.362244390879004e-05

 451	2.709852609128680e-07
	3.300000000000000e+00
	3.300000000000000e+00
	0.000000000000000e+00
	3.300000000000000e+00
	-4.293133243746770e-05

 452	2.719852609128680e-07
	3.300000000000000e+00
	3.300000000000000e+00
	0.000000000000000e+00
	3.300000000000000e+00
	4.282221231813495e-05

 453	2.729852609128680e-07
	3.300000000000000e+00
	3.300000000000000e+00
	0.000000000000000e+00
	3.300000000000000e+00
	-4.181287014356355e-05

 454	2.739852609128680e-07
	3.300000000000000e+00
	3.300000000000000e+00
	0.000000000000000e+00
	3.300000000000000e+00
	4.143052460946900e-05

 455	2.749852609128681e-07
	3.300000000000000e+00
	3.300000000000000e+00
	0.000000000000000e+00
	3.300000000000000e+00
	-4.020943132506533e-05

 456	2.759852609128681e-07
	3.300000000000000e+00
	3.300000000000000e+00
	0.000000000000000e+00
	3.300000000000000e+00
	3.964315782607059e-05

 457	2.769852609128681e-07
	3.300000000000000e+00
	3.300000000000000e+00
	0.000000000000000e+00
	3.300000000000000e+00
	-3.829003665604784e-05

 458	2.779852609128681e-07
	3.300000000000000e+00
	3.300000000000000e+00
	0.000000000000000e+00
	3.300000000000000e+00
	3.760673548435650e-05

 459	2.789852609128682e-07
	3.300000000000000e+00
	3.300000000000000e+00
	0.000000000000000e+00
	3.300000000000000e+00
	-3.618084399153489e-05

 460	2.790000000000000e-07
	3.300000000000000e+00
	3.300000000000000e+00
	4.367513634279986e-14
	3.300000000000000e+00
	-4.968532747229304e-06

 461	2.790294781742638e-07
	3.300000000000000e+00
	3.300000000000000e+00
	9.727797507054195e-02
	3.300000000000000e+00
	1.889783758002306e-05

 462	2.790884345227914e-07
	3.300000000000000e+00
	3.300000000000000e+00
	2.918339252115385e-01
	3.300000000000000e+00
	-5.431941254074868e-06

 463	2.792063472198466e-07
	3.300000000000000e+00
	3.300000000000000e+00
	6.809458254935317e-01
	3.300000000000000e+00
	-9.857291478239383e-05

 464	2.794421726139569e-07
	3.300000000000000e+00
	3.300000000000000e+00
	1.459169626057518e+00
	3.300000000000000e+00
	-1.425200382503128e-04

 465	2.799032018939214e-07
	3.300000000000000e+00
	3.300000000000000e+00
	2.980566249940451e+00
	3.300000000000000e+00
	-1.088251312059592e-04

 466	2.800000000000000e-07
	3.300000000000000e+00
	3.300000000000000e+00
	3.299999999999942e+00
	3.300000000000000e+00
	1.551295678840048e-03

 467	2.800187142470428e-07
	3.300000000000000e+00
	3.300000000000000e+00
	3.300000000000000e+00
	3.238242984758978e+00
	6.707793598561551e-04

 468	2.800561427411282e-07
	3.300000000000000e+00
	3.300000000000000e+00
	3.300000000000000e+00
	3.114728954276933e+00
	-3.277446649449789e-04

 469	2.801309997292992e-07
	3.300000000000000e+00
	3.300000000000000e+00
	3.300000000000000e+00
	2.867700893312668e+00
	-2.258005543438746e-05

 470	2.802807137056411e-07
	3.300000000000000e+00
	3.300000000000000e+00
	3.300000000000000e+00
	2.373644771384312e+00
	-4.328652120578341e-05

 471	2.805801416583250e-07
	3.300000000000000e+00
	3.300000000000000e+00
	3.300000000000000e+00
	1.385532527527426e+00
	8.056038237370250e-05

 472	2.810000000000000e-07
	3.300000000000000e+00
	3.300000000000000e+00
	3.300000000000000e+00
	0.000000000000000e+00
	-7.347897774600057e-05

 473	2.810568728027064e-07
	3.300000000000000e+00
	3.300000000000000e+00
	3.300000000000000e+00
	0.000000000000000e+00
	1.538170938141931e-04

 474	2.811706184081192e-07
	3.300000000000000e+00
	3.300000000000000e+00
	3.300000000000000e+00
	0.000000000000000e+00
	-2.643614316019671e-05

 475	2.813981096189447e-07
	3.300000000000000e+00
	3.300000000000000e+00
	3.300000000000000e+00
	0.000000000000000e+00
	-3.593324718609292e-06

 476	2.818530920405957e-07
	3.300000000000000e+00
	3.300000000000000e+00
	3.300000000000000e+00
	0.000000000000000e+00
	1.426162917635143e-05

 477	2.827630568838977e-07
	3.300000000000000e+00
	3.300000000000000e+00
	3.300000000000000e+00
	0.000000000000000e+00
	-1.819590535599019e-05

 478	2.837630568838977e-07
	3.300000000000000e+00
	3.300000000000000e+00
	3.300000000000000e+00
	0.000000000000000e+00
	2.197671383201254e-05

 479	2.847630568838977e-07
	3.300000000000000e+00
	3.300000000000000e+00
	3.300000000000000e+00
	0.000000000000000e+00
	-2.469193583039785e-05

 480	2.857630568838977e-07
	3.300000000000000e+00
	3.300000000000000e+00
	3.300000000000000e+00
	0.000000000000000e+00
	2.766826092923808e-05

 481	2.867630568838978e-07
	3.300000000000000e+00
	3.300000000000000e+00
	3.300000000000000e+00
	0.000000000000000e+00
	-2.969157962556118e-05

 482	2.877630568838978e-07
	3.300000000000000e+00
	3.300000000000000e+00
	3.300000000000000e+00
	0.000000000000000e+00
	3.208928478989036e-05

 483	2.887630568838978e-07
	3.300000000000000e+00
	3.300000000000000e+00
	3.300000000000000e+00
	0.000000000000000e+00
	-3.343841615985853e-05

 484	2.897630568838978e-07
	3.300000000000000e+00
	3.300000000000000e+00
	3.300000000000000e+00
	0.000000000000000e+00
	3.530147567135447e-05

 485	2.907630568838978e-07
	3.300000000000000e+00
	3.300000000000000e+00
	3.300000000000000e+00
	0.000000000000000e+00
	-3.616274719565361e-05

 486	2.917630568838979e-07
	3.300000000000000e+00
	3.300000000000000e+00
	3.300000000000000e+00
	0.000000000000000e+00
	3.757941610400481e-05

 487	2.927630568838979e-07
	3.300000000000000e+00
	3.300000000000000e+00
	3.300000000000000e+00
	0.000000000000000e+00
	-3.803672321749628e-05

 488	2.937630568838979e-07
	3.300000000000000e+00
	3.300000000000000e+00
	3.300000000000000e+00
	0.000000000000000e+00
	3.908295955847019e-05

 489	2.947630568838979e-07
	3.300000000000000e+00
	3.300000000000000e+00
	3.300000000000000e+00
	0.000000000000000e+00
	-3.920825769573172e-05

 490	2.957630568838980e-07
	3.300000000000000e+00
	3.300000000000000e+00
	3.300000000000000e+00
	0.000000000000000e+00
	3.994837901268034e-05

 491	2.967630568838980e-07
	3.300000000000000e+00
	3.300000000000000e+00
	3.300000000000000e+00
	0.000000000000000e+00
	-3.980228880492466e-05

 492	2.977630568838980e-07
	3.300000000000000e+00
	3.300000000000000e+00
	3.300000000000000e+00
	0.000000000000000e+00
	4.029027200645394e-05

 493	2.987630568838980e-07
	3.300000000000000e+00
	3.300000000000000e+00
	3.300000000000000e+00
	0.000000000000000e+00
	-3.992445181316522e-05

 494	2.990000000000000e-07
	3.300000000000000e+00
	3.300000000000000e+00
	3.300000000000000e+00
	0.000000000000000e+00
	3.937210694163196e-05

 495	2.991000000000000e-07
	3.300000000000000e+00
	3.300000000000000e+00
	3.300000000000000e+00
	3.300000000000139e-01
	1.110158182970125e-04

 496	2.993000000000000e-07
	3.300000000000000e+00
	3.300000000000000e+00
	3.300000000000000e+00
	9.900000000000635e-01
	-5.729323040381401e-05

 497	2.997000000000000e-07
	3.300000000000000e+00
	3.300000000000000e+00
	3.300000000000000e+00
	2.309999999999988e+00
	5.693764152759143e-05

 498	3.000000000000000e-07
	3.300000000000000e+00
	3.300000000000000e+00
	3.300000000000000e+00
	3.300000000000000e+00
	-5.409059738335081e-05

 499	3.000555661708829e-07
	3.300000000000000e+00
	3.300000000000000e+00
	3.300000000000000e+00
	3.300000000000000e+00
	-1.742036960292598e-04

 500	3.001666985126486e-07
	3.300000000000000e+00
	3.300000000000000e+00
	3.300000000000000e+00
	3.300000000000000e+00
	1.415480194238983e-05

 501	3.003889631961801e-07
	3.300000000000000e+00
	3.300000000000000e+00
	3.300000000000000e+00
	3.300000000000000e+00
	1.262001310722155e-05

 502	3.008334925632430e-07
	3.300000000000000e+00
	3.300000000000000e+00
	3.300000000000000e+00
	3.300000000000000e+00
	-1.991511843739760e-05

 503	3.017225512973688e-07
	3.300000000000000e+00
	3.300000000000000e+00
	3.300000000000000e+00
	3.300000000000000e+00
	2.296577901686470e-05

 504	3.027225512973688e-07
	3.300000000000000e+00
	3.300000000000000e+00
	3.300000000000000e+00
	3.300000000000000e+00
	-2.462906016685064e-05

 505	3.037225512973688e-07
	3.300000000000000e+00
	3.300000000000000e+00
	3.300000000000000e+00
	3.300000000000000e+00
	2.661571384133567e-05

 506	3.047225512973688e-07
	3.300000000000000e+00
	3.300000000000000e+00
	3.300000000000000e+00
	3.300000000000000e+00
	-2.758377426915863e-05

 507	3.057225512973689e-07
	3.300000000000000e+00
	3.300000000000000e+00
	3.300000000000000e+00
	3.300000000000000e+00
	2.896229209812563e-05

 508	3.067225512973689e-07
	3.300000000000000e+00
	3.300000000000000e+00
	3.300000000000000e+00
	3.300000000000000e+00
	-2.938997648610844e-05

 509	3.077225512973689e-07
	3.300000000000000e+00
	3.300000000000000e+00
	3.300000000000000e+00
	3.300000000000000e+00
	3.029674252490872e-05

 510	3.087225512973689e-07
	3.300000000000000e+00
	3.300000000000000e+00
	3.300000000000000e+00
	3.300000000000000e+00
	-3.031168341225375e-05

 511	3.097225512973690e-07
	3.300000000000000e+00
	3.300000000000000e+00
	3.300000000000000e+00
	3.300000000000000e+00
	3.085639402684165e-05

 512	3.107225512973690e-07
	3.300000000000000e+00
	3.300000000000000e+00
	3.300000000000000e+00
	3.300000000000000e+00
	-3.055971902944654e-05

 513	3.117225512973690e-07
	3.300000000000000e+00
	3.300000000000000e+00
	3.300000000000000e+00
	3.300000000000000e+00
	3.082923000798619e-05

 514	3.127225512973690e-07
	3.300000000000000e+00
	3.300000000000000e+00
	3.300000000000000e+00
	3.300000000000000e+00
	-3.030113046979983e-05

 515	3.137225512973690e-07
	3.300000000000000e+00
	3.300000000000000e+00
	3.300000000000000e+00
	3.300000000000000e+00
	3.036416270680437e-05

 516	3.147225512973691e-07
	3.300000000000000e+00
	3.300000000000000e+00
	3.300000000000000e+00
	3.300000000000000e+00
	-2.966762898213779e-05

 517	3.157225512973691e-07
	3.300000000000000e+00
	3.300000000000000e+00
	3.300000000000000e+00
	3.300000000000000e+00
	2.957833169107277e-05

 518	3.167225512973691e-07
	3.300000000000000e+00
	3.300000000000000e+00
	3.300000000000000e+00
	3.300000000000000e+00
	-2.876306391215271e-05

 519	3.177225512973691e-07
	3.300000000000000e+00
	3.300000000000000e+00
	3.300000000000000e+00
	3.300000000000000e+00
	2.856418847895816e-05

 520	3.187225512973692e-07
	3.300000000000000e+00
	3.300000000000000e+00
	3.300000000000000e+00
	3.300000000000000e+00
	-2.766906679262798e-05

 521	3.197225512973692e-07
	3.300000000000000e+00
	3.300000000000000e+00
	3.300000000000000e+00
	3.300000000000000e+00
	2.739409589441397e-05

 522	3.200000000000000e-07
	3.300000000000000e+00
	3.300000000000000e+00
	3.300000000000000e+00
	3.300000000000000e+00
	-2.479605903125265e-05

